# Contacts: NC1
# Native contacts determined from mask ':1-70&!@H*' and mask ':71-81&!@H*'
# Non-native Contacts: NC1
#                     Contact  Nframes    Frac.      Avg    Stdev
       1          :52@N_:73@O   121305    0.607     2.86   0.0819
       2      :18@NH2_:72@OD1    74626    0.373      2.8   0.0951
       3       :50@OE1_:75@OG    72921    0.365     2.66    0.116
       4          :11@O_:76@N    72223    0.361     2.86   0.0825
       5       :50@OE2_:75@OG    71925     0.36     2.66    0.116
       6      :18@NH2_:72@OD2    70537    0.353      2.8   0.0958
       7       :18@NE_:72@OD2    49289    0.246     2.84   0.0906
       8        :14@OD1_:71@N    44591    0.223     2.81   0.0956
       9      :16@OG1_:72@OD2    43229    0.216     2.66    0.113
      10       :18@NE_:72@OD1    43153    0.216     2.84   0.0905
      11          :11@N_:76@O    42194    0.211     2.87   0.0815
      12      :16@OG1_:72@OD1    41647    0.208     2.66    0.112
      13        :16@OG1_:73@N    41418    0.207      2.9    0.069
      14        :17@OD1_:71@N    29546    0.148     2.82    0.097
      15        :50@OE1_:75@N    23010    0.115     2.86    0.084
      16        :50@OE2_:75@N    20731    0.104     2.86   0.0836
      17         :44@NZ_:81@O    19957   0.0998     2.76   0.0902
      18          :15@O_:71@N    18799    0.094     2.85   0.0929
      19       :29@NH2_:75@OG    17657   0.0883      2.9   0.0757
      20           :9@O_:78@N    16827   0.0841     2.89   0.0791
      21       :44@NZ_:81@OXT    12245   0.0612     2.76   0.0923
      22      :24@NH1_:72@OD2    12111   0.0606     2.81   0.0929
      23       :34@OG_:81@OE2    11724   0.0586     2.66    0.113
      24       :33@OG_:81@OE1    11682   0.0584     2.64    0.109
      25      :24@NH2_:72@OD2    11612   0.0581     2.81   0.0944
      26      :24@NH1_:72@OD1    11077   0.0554     2.82   0.0923
      27          :6@O_:77@NZ    10813   0.0541     2.82   0.0944
      28      :24@NH2_:72@OD1    10435   0.0522     2.81   0.0941
      29          :15@C_:71@O    10115   0.0506     2.92   0.0619
      30          :15@O_:71@O     9457   0.0473      2.9    0.074
      31        :34@N_:81@OE2     9379   0.0469     2.84   0.0887
      32       :35@NZ_:81@OXT     8990   0.0449     2.79   0.0963
      33           :9@N_:78@O     6622   0.0331     2.87   0.0843
      34        :29@NH2_:79@O     6165   0.0308     2.87    0.089
      35       :49@NZ_:81@OXT     5646   0.0282      2.8    0.097
      36       :49@NZ_:81@OE2     5600    0.028     2.79   0.0975
      37         :35@NZ_:81@O     5504   0.0275      2.8    0.098
      38      :18@NH1_:72@OD2     5409    0.027     2.83   0.0946
      39         :49@NZ_:80@O     5316   0.0266     2.82   0.0947
      40          :14@O_:73@N     5233   0.0262     2.92   0.0597
      41       :49@NZ_:81@OE1     4959   0.0248      2.8   0.0964
      42      :18@NH1_:72@OD1     4722   0.0236     2.84   0.0952
      43         :49@NZ_:72@O     4690   0.0234      2.8   0.0962
      44         :52@CB_:74@O     4563   0.0228     2.94   0.0471
      45           :1@N_:81@O     4465   0.0223     2.81   0.0981
      46       :14@OD1_:71@CA     4245   0.0212     2.92   0.0574
      47          :50@N_:80@O     4211   0.0211     2.86   0.0834
      48           :9@O_:77@C     4209    0.021     2.92   0.0625
      49          :15@O_:72@N     4173   0.0209      2.9   0.0693
      50       :49@NZ_:72@OD2     3906   0.0195     2.79   0.0949
      51          :3@O_:77@NZ     3892   0.0195     2.81   0.0964
      52       :35@NZ_:81@OE1     3724   0.0186     2.81    0.096
      53         :49@NZ_:81@O     3698   0.0185      2.8   0.0982
      54        :34@N_:81@OE1     3669   0.0183     2.87   0.0822
      55           :1@N_:79@O     3567   0.0178     2.84   0.0927
      56       :35@NZ_:81@OE2     3503   0.0175     2.81   0.0965
      57        :6@OD1_:77@NZ     3389   0.0169     2.83   0.0955
      58        :17@OD1_:71@O     3369   0.0168      2.9   0.0783
      59         :11@N_:75@OG     3324   0.0166     2.89    0.073
      60         :1@N_:81@OE1     3248   0.0162      2.8   0.0996
      61        :50@OE1_:81@N     3168   0.0158      2.9   0.0728
      62       :14@ND2_:71@OH     2973   0.0149      2.9   0.0707
      63          :17@N_:71@O     2931   0.0147     2.91   0.0688
      64       :14@OD1_:71@OH     2925   0.0146     2.74    0.118
      65          :50@O_:75@N     2890   0.0144      2.9   0.0726
      66          :5@O_:77@NZ     2809    0.014     2.82   0.0958
      67         :1@N_:81@OE2     2743   0.0137     2.81   0.0996
      68         :1@N_:81@OXT     2733   0.0137     2.82    0.101
      69          :11@O_:77@N     2703   0.0135     2.88   0.0787
      70        :50@OE2_:81@N     2559   0.0128      2.9   0.0726
      71       :49@NZ_:72@OD1     2542   0.0127      2.8   0.0961
      72         :14@O_:71@OH     2334   0.0117     2.75    0.114
      73           :9@N_:77@O     2248   0.0112      2.9    0.073
      74        :3@OD1_:77@NZ     2182   0.0109     2.81   0.0972
      75          :16@N_:71@O     2161   0.0108     2.94    0.054
      76       :10@OG1_:75@OG     2160   0.0108      2.8    0.105
      77       :34@OG_:81@OE1     2124   0.0106      2.7    0.131
      78          :14@O_:72@N     2121   0.0106     2.93   0.0588
      79       :44@NZ_:81@OE1     1965  0.00983     2.79    0.093
      80         :35@NZ_:80@O     1943  0.00971     2.82   0.0933
      81      :29@NH2_:78@CD2     1938  0.00969     2.94   0.0494
      82       :50@OE2_:77@NZ     1908  0.00954     2.83   0.0936
      83         :1@NE2_:78@O     1829  0.00915     2.84   0.0859
      84       :50@OE1_:77@NZ     1773  0.00886     2.83   0.0951
      85        :3@OD2_:77@NZ     1665  0.00833     2.82    0.097
      86          :14@O_:71@C     1645  0.00822     2.93   0.0549
      87        :14@OD1_:71@O     1601    0.008     2.92   0.0658
      88        :14@ND2_:71@O     1590  0.00795     2.86   0.0861
      89      :50@OE2_:79@NE2     1558  0.00779     2.84   0.0886
      90      :10@OG1_:78@CD1     1516  0.00758     2.94   0.0482
      91        :50@N_:79@OE1     1510  0.00755     2.87   0.0825
      92         :52@SG_:73@O     1440   0.0072     2.96   0.0337
      93       :33@OG_:81@OE2     1439   0.0072      2.7    0.138
      94       :44@NZ_:81@OE2     1415  0.00707     2.79   0.0943
      95         :14@O_:73@CB     1338  0.00669     2.95   0.0485
      96           :9@O_:77@O     1323  0.00662     2.92   0.0649
      97           :1@C_:79@O     1306  0.00653     2.91   0.0679
      98         :6@ND2_:81@O     1281  0.00641     2.84   0.0888
      99          :4@O_:77@NZ     1269  0.00634     2.84   0.0957
     100      :50@OE1_:79@NE2     1260   0.0063     2.85   0.0906
     101           :1@N_:80@O     1212  0.00606     2.83   0.0935
     102        :13@OH_:71@OH     1187  0.00594     2.83    0.101
     103          :1@CA_:79@O     1183  0.00592     2.92   0.0615
     104       :16@CB_:72@OD2     1170  0.00585     2.95   0.0391
     105         :6@O_:79@NE2     1132  0.00566     2.87   0.0861
     106       :16@CB_:72@OD1     1101  0.00551     2.95   0.0395
     107          :11@O_:76@O     1080   0.0054     2.93   0.0612
     108         :15@O_:71@CA     1018  0.00509     2.95   0.0462
     109         :49@NZ_:79@O      962  0.00481     2.83   0.0881
     110        :35@N_:81@OE2      858  0.00429     2.89   0.0774
     111         :1@N_:79@OE1      854  0.00427     2.83   0.0948
     112        :16@OG1_:71@O      847  0.00424     2.79    0.122
     113        :35@N_:81@OE1      812  0.00406     2.91   0.0695
     114           :9@O_:78@O      807  0.00404     2.92   0.0686
     115       :50@OE1_:75@CB      774  0.00387     2.95   0.0388
     116       :50@OE2_:75@CB      757  0.00379     2.96    0.037
     117           :9@O_:76@O      718  0.00359     2.93   0.0592
     118         :11@O_:75@OG      695  0.00347     2.83    0.138
     119       :27@OG_:81@OE2      685  0.00343     2.69    0.119
     120       :49@NZ_:79@OE1      622  0.00311     2.82    0.104
     121        :1@OE1_:77@NZ      598  0.00299     2.83   0.0932
     122          :8@CB_:78@O      598  0.00299     2.94    0.048
     123        :18@NH1_:71@O      592  0.00296     2.88    0.086
     124       :27@OG_:81@OE1      587  0.00294     2.69    0.121
     125          :52@N_:74@O      570  0.00285      2.9   0.0766
     126         :33@OG_:79@O      569  0.00284     2.75    0.117
     127         :52@SG_:74@O      569  0.00284     2.95   0.0388
     128         :14@O_:71@CA      553  0.00277     2.95   0.0447
     129       :6@ND2_:81@OE1      542  0.00271     2.84   0.0903
     130          :15@N_:71@O      542  0.00271     2.93    0.064
     131         :49@CE_:80@O      531  0.00265     2.93   0.0522
     132         :1@OE1_:80@N      522  0.00261     2.87   0.0801
     133       :29@NH2_:78@CG      516  0.00258     2.95   0.0396
     134         :10@CA_:76@O      508  0.00254     2.96   0.0363
     135          :14@O_:71@N      496  0.00248     2.88   0.0855
     136         :35@O_:77@NZ      485  0.00243     2.82    0.094
     137       :1@NE2_:81@OE2      475  0.00237     2.82   0.0868
     138         :18@NE_:71@O      473  0.00236     2.88   0.0855
     139         :11@O_:75@CB      468  0.00234     2.96   0.0384
     140       :17@OD1_:71@CA      466  0.00233     2.93   0.0576
     141       :10@OG1_:77@NZ      460   0.0023     2.87   0.0789
     142          :13@N_:74@O      446  0.00223     2.91   0.0682
     143         :13@OH_:74@O      431  0.00215     2.77    0.122
     144      :29@NH2_:78@CE2      423  0.00212     2.95   0.0426
     145          :6@O_:77@CE      406  0.00203     2.93   0.0577
     146       :6@ND2_:81@OXT      395  0.00198     2.84   0.0949
     147      :14@OD1_:71@CD1      391  0.00196     2.93   0.0586
     148       :1@NE2_:81@OE1      383  0.00192     2.82    0.089
     149       :35@NZ_:79@OE1      366  0.00183     2.82   0.0961
     150          :9@O_:77@CB      360   0.0018     2.95   0.0407
     151        :3@OD2_:75@OG      358  0.00179      2.7    0.117
     152          :7@O_:77@NZ      355  0.00178     2.84    0.092
     153        :33@OG_:77@NZ      341   0.0017     2.89   0.0742
     154         :1@O_:79@NE2      336  0.00168     2.84   0.0873
     155        :48@O_:79@NE2      315  0.00158     2.86   0.0857
     156         :10@CB_:76@O      309  0.00154     2.96   0.0377
     157      :17@ND2_:71@CD1      307  0.00153     2.94   0.0491
     158        :49@NZ_:71@OH      302  0.00151      2.9    0.069
     159       :6@ND2_:81@OE2      295  0.00147     2.85   0.0919
     160        :50@CD_:75@OG      281   0.0014     2.96   0.0347
     161          :3@O_:77@CE      271  0.00136     2.94   0.0481
     162         :3@O_:79@NE2      262  0.00131     2.86   0.0837
     163         :6@ND2_:80@O      259  0.00129     2.85   0.0876
     164         :1@NE2_:80@O      258  0.00129     2.86   0.0877
     165        :1@CA_:81@OE1      258  0.00129     2.92   0.0614
     166         :1@C_:81@OE1      251  0.00126     2.93   0.0577
     167           :9@O_:77@N      246  0.00123     2.85   0.0906
     168         :11@O_:75@CA      246  0.00123     2.96   0.0348
     169       :3@OD2_:79@NE2      241   0.0012     2.85   0.0885
     170        :14@ND2_:72@O      236  0.00118     2.87   0.0817
     171        :1@CA_:81@OE2      234  0.00117     2.91   0.0605
     172       :17@ND2_:71@CG      234  0.00117     2.95   0.0461
     173         :52@CB_:73@O      231  0.00115     2.95   0.0458
     174      :29@NH1_:81@OE1      227  0.00113     2.82   0.0991
     175           :2@N_:79@O      227  0.00113     2.94   0.0502
     176         :50@O_:71@OH      220   0.0011     2.75    0.121
     177         :9@O_:78@CD1      220   0.0011     2.93   0.0567
     178           :1@C_:81@O      217  0.00109     2.91   0.0661
     179        :17@N_:72@OD2      214  0.00107     2.87   0.0871
     180      :29@NH2_:81@OE1      209  0.00104      2.8    0.101
     181         :1@NE2_:81@O      209  0.00104     2.84   0.0934
     182         :35@CE_:80@O      203  0.00102     2.92   0.0651
     183          :1@CA_:80@O      202  0.00101     2.93   0.0573
     184         :35@NZ_:79@O      200    0.001     2.83   0.0901
     185       :14@OD1_:73@CB      199 0.000995     2.95   0.0467
     186       :24@NH2_:71@OH      198  0.00099      2.9   0.0735
     187         :1@C_:81@OE2      198  0.00099     2.91    0.066
     188       :18@NH2_:71@OH      197 0.000985     2.91   0.0683
     189          :8@CG_:78@O      193 0.000965     2.95   0.0474
     190       :1@NE2_:79@OE1      191 0.000955     2.84   0.0862
     191       :35@CE_:81@OXT      190  0.00095     2.93   0.0538
     192        :18@NH2_:71@O      189 0.000945     2.88   0.0859
     193          :9@O_:78@CA      189 0.000945     2.96   0.0377
     194        :34@N_:81@OXT      182  0.00091     2.85   0.0843
     195           :1@O_:81@O      182  0.00091     2.92   0.0651
     196         :1@NE2_:79@O      179 0.000895     2.86   0.0849
     197         :51@CA_:73@O      179 0.000895     2.97   0.0294
     198       :16@OG1_:73@CB      175 0.000875     2.96   0.0334
     199        :14@ND2_:71@N      169 0.000845     2.94   0.0518
     200           :1@O_:80@O      167 0.000835      2.9   0.0758
     201        :50@OE2_:79@O      164  0.00082     2.93   0.0651
     202      :29@NH1_:81@OE2      163 0.000815     2.82   0.0934
     203         :50@O_:75@OG      158  0.00079     2.76     0.12
     204        :50@OE1_:79@O      150  0.00075     2.92   0.0699
     205       :34@OG_:81@OXT      149 0.000745     2.71    0.124
     206          :8@O_:77@NZ      145 0.000725     2.82   0.0866
     207       :44@CE_:81@OE2      144  0.00072     2.92   0.0672
     208       :14@OD1_:71@CB      144  0.00072     2.95   0.0408
     209       :3@OD1_:79@NE2      142  0.00071     2.84   0.0855
     210          :8@CB_:77@O      139 0.000695     2.95   0.0509
     211        :17@ND2_:71@O      138  0.00069     2.89   0.0776
     212       :33@OG_:81@OXT      136  0.00068      2.7    0.117
     213        :17@N_:72@OD1      135 0.000675     2.88   0.0733
     214        :29@NH1_:81@O      122  0.00061     2.84    0.101
     215          :7@O_:77@CE      122  0.00061     2.93     0.06
     216          :1@CA_:81@O      121 0.000605     2.93   0.0636
     217        :13@CE2_:74@O      121 0.000605     2.95   0.0463
     218        :16@OG1_:73@O      119 0.000595     2.93   0.0667
     219         :1@OE1_:80@O      118  0.00059      2.9   0.0794
     220       :49@CE_:81@OXT      116  0.00058     2.93   0.0676
     221        :17@ND2_:71@N      116  0.00058     2.93   0.0543
     222         :49@NZ_:81@C      115 0.000575     2.95   0.0402
     223         :15@O_:71@CB      115 0.000575     2.97   0.0394
     224         :44@CE_:81@O      111 0.000555     2.95   0.0499
     225        :14@OD1_:71@C      109 0.000545     2.93   0.0519
     226        :50@O_:79@NE2      108  0.00054     2.88   0.0781
     227         :1@O_:80@CG1      107 0.000535     2.94   0.0541
     228         :35@CE_:81@O      106  0.00053     2.93   0.0594
     229        :1@CA_:79@OE1      106  0.00053     2.93   0.0571
     230         :11@C_:75@OG      101 0.000505     2.95   0.0416
     231        :13@OH_:77@NZ      100   0.0005     2.89   0.0697
     232       :44@CE_:81@OE1      100   0.0005     2.92   0.0682
     233      :17@ND2_:71@CD2      100   0.0005     2.94   0.0525
     234         :15@O_:71@OH       97 0.000485     2.79   0.0986
     235       :29@NE_:81@OE1       97 0.000485     2.86   0.0975
     236         :13@CB_:74@O       95 0.000475     2.95   0.0417
     237          :5@O_:77@CE       94  0.00047     2.94   0.0561
     238           :8@O_:77@N       92  0.00046     2.89   0.0765
     239         :11@O_:76@CB       92  0.00046     2.95   0.0357
     240         :1@O_:81@OXT       91 0.000455     2.92   0.0633
     241       :49@CE_:72@OD1       88  0.00044      2.9   0.0716
     242        :10@OG1_:76@O       83 0.000415     2.77    0.131
     243         :7@O_:80@CG2       81 0.000405     2.95   0.0439
     244          :8@CA_:78@O       79 0.000395     2.96   0.0313
     245          :50@O_:74@N       79 0.000395     2.96   0.0418
     246       :44@CE_:81@OXT       77 0.000385     2.94    0.055
     247         :11@SG_:76@O       77 0.000385     2.95   0.0422
     248       :16@OG1_:72@CG       77 0.000385     2.96   0.0398
     249          :4@O_:77@CE       76  0.00038     2.92   0.0605
     250           :8@C_:77@O       76  0.00038     2.93   0.0521
     251        :34@OG_:81@CD       75 0.000375     2.96   0.0343
     252      :10@OG1_:78@CE1       74  0.00037     2.95   0.0415
     253      :29@NH2_:79@OE1       73 0.000365     2.83    0.092
     254       :10@OG1_:77@CE       72  0.00036     2.93   0.0532
     255       :33@CB_:81@OE1       67 0.000335     2.96   0.0333
     256      :17@ND2_:72@OD2       66  0.00033     2.87   0.0814
     257        :48@O_:78@CE1       66  0.00033     2.94   0.0454
     258          :8@CA_:77@O       66  0.00033     2.96    0.029
     259       :1@NE2_:78@CE2       65 0.000325     2.95   0.0374
     260       :44@NZ_:79@OE1       64  0.00032     2.82    0.104
     261         :50@O_:74@CA       64  0.00032     2.97   0.0279
     262         :49@CE_:81@O       63 0.000315     2.92   0.0665
     263       :49@CE_:72@OD2       63 0.000315     2.93   0.0546
     264        :13@CE1_:74@O       63 0.000315     2.95    0.043
     265        :14@ND2_:74@O       60   0.0003      2.9   0.0646
     266      :17@OD1_:71@CD1       60   0.0003     2.93   0.0601
     267         :1@O_:81@OE2       60   0.0003     2.94   0.0654
     268          :50@O_:73@O       60   0.0003     2.94   0.0567
     269      :17@ND2_:71@CE1       60   0.0003     2.96   0.0356
     270         :49@CE_:72@O       59 0.000295     2.95   0.0434
     271        :15@O_:71@CD1       59 0.000295     2.95   0.0453
     272      :29@NH2_:78@CD1       59 0.000295     2.96    0.041
     273      :14@OD1_:71@CD2       58  0.00029     2.94   0.0456
     274           :1@N_:81@C       57 0.000285     2.97   0.0265
     275        :14@CB_:71@OH       55 0.000275     2.95   0.0372
     276       :17@ND2_:71@OH       54  0.00027     2.93   0.0609
     277       :29@NE_:81@OE2       53 0.000265     2.89   0.0849
     278         :11@CB_:76@O       53 0.000265     2.94   0.0486
     279        :50@CB_:75@OG       53 0.000265     2.96   0.0295
     280      :29@NH1_:81@OXT       52  0.00026     2.83   0.0978
     281       :1@NE2_:81@OXT       51 0.000255     2.83    0.091
     282         :1@O_:81@OE1       51 0.000255     2.91   0.0746
     283       :35@CE_:81@OE1       51 0.000255     2.94   0.0565
     284        :14@CG_:71@OH       50  0.00025     2.95   0.0428
     285        :11@O_:76@CD2       49 0.000245     2.95   0.0411
     286         :8@O_:78@CE1       49 0.000245     2.95   0.0458
     287       :18@NH2_:72@CG       49 0.000245     2.96   0.0365
     288       :29@NE_:78@CE1       48  0.00024     2.96   0.0347
     289       :16@CA_:72@OD1       48  0.00024     2.97   0.0279
     290        :6@ND2_:77@NZ       47 0.000235     2.94   0.0533
     291         :8@O_:78@CD1       47 0.000235     2.96   0.0423
     292          :1@CD_:80@O       46  0.00023     2.93   0.0542
     293          :50@O_:73@C       45 0.000225     2.93   0.0632
     294          :8@O_:77@CE       45 0.000225     2.93   0.0524
     295         :1@O_:80@CG2       45 0.000225     2.93   0.0443
     296          :15@O_:71@C       45 0.000225     2.95   0.0493
     297       :29@NH2_:78@CZ       44  0.00022     2.95   0.0377
     298       :10@CG2_:75@OG       44  0.00022     2.96   0.0451
     299         :35@NZ_:81@C       44  0.00022     2.96   0.0365
     300        :49@NZ_:81@CD       44  0.00022     2.96    0.034
     301        :13@OH_:77@CE       43 0.000215     2.94   0.0526
     302       :34@CB_:81@OE2       43 0.000215     2.97   0.0288
     303         :14@CG_:71@O       42  0.00021     2.92   0.0747
     304      :14@OD1_:71@CE1       42  0.00021     2.94   0.0489
     305         :44@NZ_:80@O       41 0.000205      2.8   0.0773
     306         :3@N_:79@OE1       41 0.000205     2.87   0.0831
     307      :14@ND2_:71@CE1       41 0.000205     2.94   0.0471
     308          :9@O_:77@NZ       40   0.0002     2.83   0.0681
     309        :1@CA_:81@OXT       39 0.000195     2.94   0.0456
     310      :17@ND2_:71@CE2       39 0.000195     2.95   0.0456
     311         :11@SG_:77@O       38  0.00019     2.95   0.0389
     312        :8@CG_:79@OE1       38  0.00019     2.95   0.0411
     313      :20@CD1_:72@OD2       38  0.00019     2.95    0.046
     314       :42@CD1_:75@OG       38  0.00019     2.96   0.0366
     315          :11@C_:76@O       37 0.000185     2.96   0.0401
     316          :14@O_:71@O       36  0.00018     2.93   0.0625
     317      :14@ND2_:71@CE2       36  0.00018     2.94    0.057
     318       :49@CE_:81@OE1       35 0.000175     2.93   0.0663
     319         :8@O_:76@CD2       35 0.000175     2.94   0.0534
     320        :35@NZ_:81@CD       35 0.000175     2.96   0.0421
     321       :33@CA_:81@OE1       35 0.000175     2.96   0.0296
     322         :6@O_:79@OE1       34  0.00017     2.92   0.0668
     323         :13@O_:73@CB       34  0.00017     2.94   0.0538
     324       :35@CE_:81@OE2       34  0.00017     2.94    0.045
     325      :14@OD1_:71@CE2       34  0.00017     2.95   0.0449
     326      :29@NH2_:81@OE2       33 0.000165     2.85   0.0929
     327       :24@NH1_:71@OH       33 0.000165     2.88   0.0759
     328      :17@ND2_:72@OD1       33 0.000165     2.88   0.0914
     329      :10@OG1_:78@CE2       33 0.000165     2.93   0.0491
     330        :10@CB_:75@OG       33 0.000165     2.96     0.04
     331           :1@O_:79@O       32  0.00016     2.91   0.0675
     332          :9@O_:77@CE       32  0.00016     2.93   0.0449
     333          :6@O_:77@CD       32  0.00016     2.94    0.048
     334         :51@CB_:73@O       32  0.00016     2.96    0.034
     335       :16@CA_:72@OD2       32  0.00016     2.97   0.0216
     336        :1@OE1_:77@CE       31 0.000155     2.91   0.0756
     337       :50@CD_:79@NE2       31 0.000155     2.95   0.0364
     338         :8@O_:76@CD1       30  0.00015     2.95   0.0511
     339        :11@O_:76@CD1       30  0.00015     2.96   0.0347
     340         :16@CA_:71@O       30  0.00015     2.98    0.021
     341        :17@OD1_:71@C       29 0.000145     2.92   0.0649
     342        :50@O_:79@OE1       29 0.000145     2.93   0.0713
     343       :49@CE_:79@OE1       29 0.000145     2.93   0.0652
     344       :6@OD1_:79@NE2       28  0.00014     2.86   0.0751
     345       :1@OE1_:79@NE2       28  0.00014     2.87   0.0911
     346         :35@CE_:79@O       28  0.00014     2.89   0.0708
     347          :12@N_:76@O       28  0.00014     2.94   0.0522
     348         :44@NZ_:81@C       28  0.00014     2.96   0.0368
     349      :20@CD1_:72@OD1       28  0.00014     2.96   0.0406
     350          :2@CD_:79@O       28  0.00014     2.96   0.0416
     351         :13@OH_:77@O       27 0.000135     2.81    0.124
     352         :12@N_:75@OG       27 0.000135     2.95   0.0484
     353       :49@CE_:81@OE2       27 0.000135     2.95   0.0472
     354         :9@CG1_:78@O       27 0.000135     2.96   0.0323
     355         :50@N_:75@OG       26  0.00013      2.9   0.0703
     356          :2@CG_:78@O       26  0.00013     2.94   0.0595
     357        :6@OD1_:77@CE       26  0.00013     2.94   0.0593
     358          :8@CG_:77@O       26  0.00013     2.95   0.0457
     359           :2@N_:81@O       25 0.000125     2.93   0.0535
     360       :29@NH1_:78@CZ       25 0.000125     2.94   0.0515
     361         :48@O_:78@CZ       25 0.000125     2.94   0.0492
     362          :11@O_:75@C       25 0.000125     2.95   0.0369
     363        :51@CG2_:73@O       25 0.000125     2.96   0.0347
     364         :49@CD_:80@O       25 0.000125     2.96    0.027
     365       :18@NH1_:71@OH       24  0.00012     2.94   0.0536
     366      :14@ND2_:71@CD2       24  0.00012     2.94   0.0525
     367       :13@CD2_:78@CZ       24  0.00012     2.95   0.0427
     368         :11@O_:77@NZ       23 0.000115     2.85   0.0995
     369         :9@CG2_:78@O       23 0.000115     2.94   0.0459
     370          :3@O_:77@CD       22  0.00011     2.94   0.0496
     371        :3@OD2_:77@CE       22  0.00011     2.94   0.0549
     372      :29@NH1_:78@CE2       22  0.00011     2.96   0.0316
     373        :29@NH2_:78@O       21 0.000105      2.9   0.0763
     374         :6@ND2_:81@C       21 0.000105     2.95   0.0418
     375         :35@CG_:80@O       21 0.000105     2.95   0.0433
     376          :1@N_:81@CD       21 0.000105     2.96   0.0277
     377         :49@CA_:80@O       21 0.000105     2.97   0.0238
     378      :50@OE2_:78@CD2       20   0.0001     2.94   0.0465
     379      :14@ND2_:71@CD1       20   0.0001     2.95   0.0436
     380         :2@N_:81@OE2       20   0.0001     2.95   0.0308
     381       :18@NH1_:72@CG       20   0.0001     2.97   0.0272
     382      :29@NH2_:78@CE1       19  9.5e-05     2.94   0.0399
     383      :16@CG2_:72@OD1       19  9.5e-05     2.96   0.0266
     384         :15@CA_:71@O       19  9.5e-05     2.97   0.0311
     385       :49@NZ_:79@NE2       18    9e-05     2.93   0.0565
     386         :1@C_:81@OXT       18    9e-05     2.93   0.0383
     387         :15@N_:71@OH       18    9e-05     2.94    0.054
     388       :42@CG2_:75@OG       18    9e-05     2.95   0.0395
     389           :1@N_:78@O       17  8.5e-05     2.83    0.126
     390        :48@O_:80@CG1       17  8.5e-05     2.94   0.0638
     391        :15@O_:71@CD2       16    8e-05     2.93   0.0497
     392         :10@C_:75@OG       16    8e-05     2.94   0.0542
     393        :51@CD1_:72@O       16    8e-05     2.95   0.0367
     394         :9@CG1_:79@O       16    8e-05     2.96   0.0318
     395       :18@CZ_:72@OD2       16    8e-05     2.99  0.00635
     396         :5@O_:79@NE2       15  7.5e-05     2.82   0.0944
     397         :7@O_:79@NE2       15  7.5e-05     2.87   0.0798
     398         :1@N_:79@NE2       15  7.5e-05      2.9   0.0676
     399        :16@OG1_:71@C       15  7.5e-05     2.93   0.0513
     400         :15@O_:73@CB       15  7.5e-05     2.95   0.0411
     401       :29@CD_:81@OE1       15  7.5e-05     2.96    0.051
     402          :9@O_:77@CG       15  7.5e-05     2.96   0.0399
     403        :13@OH_:74@CG       15  7.5e-05     2.96   0.0376
     404       :35@CB_:81@OE1       15  7.5e-05     2.97   0.0302
     405        :29@NH2_:76@O       14    7e-05     2.86   0.0923
     406           :3@N_:80@O       14    7e-05      2.9   0.0629
     407       :29@NE_:79@OE1       14    7e-05     2.91    0.063
     408       :50@OE2_:77@CE       14    7e-05     2.92     0.07
     409         :9@N_:81@OE1       14    7e-05     2.93   0.0395
     410          :8@CB_:79@O       14    7e-05     2.94   0.0346
     411        :3@OD1_:77@CE       14    7e-05     2.94   0.0684
     412       :29@CD_:81@OE2       14    7e-05     2.95   0.0323
     413          :9@O_:78@CZ       14    7e-05     2.96   0.0523
     414      :16@CG2_:72@OD2       14    7e-05     2.96   0.0329
     415         :9@CG2_:79@O       13  6.5e-05     2.92   0.0608
     416         :50@O_:75@CB       13  6.5e-05     2.94   0.0561
     417        :29@NH2_:81@N       13  6.5e-05     2.94   0.0458
     418         :35@O_:78@CZ       13  6.5e-05     2.95   0.0258
     419         :7@O_:80@CG1       13  6.5e-05     2.95   0.0486
     420      :50@OE2_:78@CE2       13  6.5e-05     2.95   0.0403
     421      :18@NH2_:71@CE1       13  6.5e-05     2.96    0.031
     422      :17@OD1_:71@CE1       13  6.5e-05     2.96   0.0234
     423       :1@OE1_:79@OE1       12    6e-05     2.89   0.0615
     424        :16@OG1_:71@N       12    6e-05     2.92   0.0712
     425         :9@O_:78@CD2       12    6e-05     2.93   0.0446
     426         :52@O_:73@CB       12    6e-05     2.94   0.0559
     427         :8@N_:79@OE1       12    6e-05     2.94   0.0378
     428        :24@NE_:71@OH       12    6e-05     2.95   0.0307
     429         :49@CG_:80@O       12    6e-05     2.95   0.0298
     430       :17@ND2_:71@CZ       12    6e-05     2.95   0.0436
     431       :10@OG1_:78@CG       12    6e-05     2.96   0.0423
     432      :17@OD1_:71@CD2       12    6e-05     2.96    0.034
     433         :9@O_:78@CE2       12    6e-05     2.96   0.0336
     434      :51@CD1_:72@OD1       12    6e-05     2.97   0.0279
     435       :1@NE2_:78@CD2       12    6e-05     2.97   0.0278
     436       :29@NH1_:81@CB       12    6e-05     2.97   0.0184
     437       :18@CZ_:72@OD1       12    6e-05     2.99  0.00561
     438      :14@OD1_:78@CE2       11  5.5e-05     2.93   0.0779
     439          :9@O_:78@CB       11  5.5e-05     2.93   0.0619
     440        :49@CE_:71@OH       11  5.5e-05     2.94   0.0278
     441          :14@C_:71@O       11  5.5e-05     2.94   0.0416
     442      :13@CD2_:78@CE1       11  5.5e-05     2.95   0.0438
     443         :6@O_:80@CG2       11  5.5e-05     2.96   0.0279
     444          :2@CD_:78@O       11  5.5e-05     2.96   0.0358
     445         :2@N_:81@OE1       11  5.5e-05     2.97   0.0417
     446       :14@ND2_:71@CZ       11  5.5e-05     2.97   0.0212
     447         :5@O_:80@CG1       11  5.5e-05     2.97   0.0208
     448           :3@N_:81@O       10    5e-05     2.87   0.0827
     449         :49@CE_:79@O       10    5e-05     2.93   0.0601
     450      :29@NH1_:78@CE1       10    5e-05     2.94   0.0441
     451         :18@CD_:71@O       10    5e-05     2.95   0.0393
     452       :18@NH2_:71@CZ       10    5e-05     2.96   0.0373
     453       :14@OD1_:71@CG       10    5e-05     2.97   0.0352
     454         :52@SG_:75@N       10    5e-05     2.98   0.0124
     455         :1@OE1_:79@O        9  4.5e-05      2.9    0.064
     456         :9@O_:78@CE1        9  4.5e-05     2.91   0.0865
     457        :13@OH_:74@CD        9  4.5e-05     2.95   0.0444
     458        :10@O_:76@CD2        9  4.5e-05     2.96   0.0543
     459       :14@ND2_:73@CB        9  4.5e-05     2.97   0.0332
     460       :13@OH_:78@CD2        9  4.5e-05     2.97   0.0215
     461       :29@CZ_:78@CE2        9  4.5e-05     2.97   0.0156
     462         :34@OG_:81@O        8    4e-05     2.77     0.12
     463         :4@O_:79@NE2        8    4e-05     2.87   0.0869
     464       :1@NE2_:79@NE2        8    4e-05      2.9     0.09
     465         :35@CD_:80@O        8    4e-05     2.92   0.0531
     466        :14@OD1_:72@N        8    4e-05     2.92   0.0725
     467         :1@C_:79@OE1        8    4e-05     2.93    0.058
     468       :35@CD_:81@OXT        8    4e-05     2.94   0.0614
     469           :3@N_:79@O        8    4e-05     2.94     0.04
     470       :13@OH_:78@CE2        8    4e-05     2.95   0.0558
     471        :14@OD1_:73@N        8    4e-05     2.95   0.0483
     472      :14@OD1_:78@CD2        8    4e-05     2.95   0.0253
     473          :1@CB_:79@O        8    4e-05     2.95   0.0217
     474          :1@O_:81@CD        8    4e-05     2.95   0.0303
     475         :16@CB_:71@O        8    4e-05     2.96   0.0359
     476       :35@CG_:81@OXT        8    4e-05     2.96   0.0273
     477         :33@OG_:81@N        8    4e-05     2.96   0.0263
     478         :44@NZ_:81@N        8    4e-05     2.96   0.0376
     479        :44@NZ_:78@CZ        8    4e-05     2.97   0.0377
     480         :11@SG_:77@N        8    4e-05     2.97   0.0402
     481       :33@CB_:81@OE2        8    4e-05     2.97   0.0285
     482          :9@O_:77@CA        8    4e-05     2.97   0.0364
     483          :50@O_:72@O        8    4e-05     2.97   0.0241
     484       :17@OD1_:71@OH        7  3.5e-05      2.9    0.077
     485      :10@OG1_:78@CD2        7  3.5e-05     2.92   0.0612
     486         :1@OE1_:78@O        7  3.5e-05     2.93   0.0586
     487        :51@CD1_:73@O        7  3.5e-05     2.93   0.0336
     488         :6@O_:80@CG1        7  3.5e-05     2.93   0.0484
     489      :18@NH2_:71@CE2        7  3.5e-05     2.94   0.0377
     490       :49@CE_:79@NE2        7  3.5e-05     2.94    0.042
     491        :29@NH2_:80@O        7  3.5e-05     2.94   0.0392
     492       :18@NE_:71@CE2        7  3.5e-05     2.94   0.0355
     493       :50@OE2_:78@CZ        7  3.5e-05     2.95   0.0249
     494        :6@ND2_:81@CD        7  3.5e-05     2.95   0.0336
     495         :14@CB_:71@O        7  3.5e-05     2.95    0.027
     496        :29@NE_:78@CZ        7  3.5e-05     2.96   0.0182
     497       :10@OG1_:75@CB        7  3.5e-05     2.96   0.0212
     498         :35@CG_:81@O        7  3.5e-05     2.97   0.0263
     499      :50@OE1_:78@CE2        7  3.5e-05     2.97   0.0374
     500        :16@OG1_:72@N        7  3.5e-05     2.97   0.0247
     501       :13@CE2_:71@OH        7  3.5e-05     2.97   0.0338
     502        :10@CA_:75@OG        7  3.5e-05     2.97   0.0265
     503        :51@CG1_:72@O        7  3.5e-05     2.97   0.0161
     504         :9@C_:78@CD1        7  3.5e-05     2.97   0.0274
     505       :17@OD1_:71@CG        7  3.5e-05     2.97    0.012
     506         :6@OD1_:80@N        6    3e-05     2.89   0.0511
     507          :8@O_:78@CZ        6    3e-05      2.9    0.105
     508        :1@CD_:79@OE1        6    3e-05     2.91    0.058
     509          :1@CA_:78@O        6    3e-05     2.91   0.0677
     510          :1@CB_:80@O        6    3e-05     2.93   0.0609
     511          :2@CD_:80@O        6    3e-05     2.93   0.0145
     512         :9@O_:76@CD1        6    3e-05     2.93   0.0525
     513          :15@O_:73@N        6    3e-05     2.93   0.0513
     514       :1@OE1_:81@OE1        6    3e-05     2.93   0.0561
     515         :50@CD_:79@O        6    3e-05     2.93   0.0347
     516      :50@OE2_:80@CG2        6    3e-05     2.93   0.0355
     517         :50@N_:71@OH        6    3e-05     2.93   0.0396
     518       :35@NZ_:79@NE2        6    3e-05     2.94   0.0378
     519         :2@O_:79@NE2        6    3e-05     2.95    0.038
     520       :29@NH1_:75@OG        6    3e-05     2.95   0.0357
     521        :15@O_:71@CE1        6    3e-05     2.95   0.0574
     522       :1@NE2_:78@CE1        6    3e-05     2.96   0.0324
     523        :49@NZ_:72@CG        6    3e-05     2.96   0.0301
     524       :29@NH2_:81@CB        6    3e-05     2.96   0.0211
     525      :50@OE1_:78@CD2        6    3e-05     2.97   0.0138
     526       :17@OD1_:71@CB        6    3e-05     2.97   0.0352
     527         :33@CB_:79@O        6    3e-05     2.97   0.0177
     528           :1@O_:81@C        6    3e-05     2.98   0.0145
     529         :11@CB_:77@O        6    3e-05     2.98   0.0167
     530        :11@SG_:77@NZ        6    3e-05     2.99   0.0107
     531        :1@NE2_:78@CZ        6    3e-05     2.99   0.0212
     532         :6@N_:81@OE2        5  2.5e-05     2.88   0.0727
     533        :13@OH_:78@CZ        5  2.5e-05      2.9     0.04
     534          :8@CG_:79@O        5  2.5e-05      2.9   0.0131
     535         :12@O_:77@CE        5  2.5e-05     2.91   0.0604
     536       :6@ND2_:79@NE2        5  2.5e-05     2.92   0.0528
     537          :1@CG_:80@O        5  2.5e-05     2.92   0.0577
     538           :8@O_:78@O        5  2.5e-05     2.93   0.0341
     539        :33@OG_:81@CD        5  2.5e-05     2.93   0.0402
     540          :2@CG_:79@O        5  2.5e-05     2.94   0.0282
     541        :16@OG1_:72@C        5  2.5e-05     2.95   0.0387
     542       :35@CE_:79@OE1        5  2.5e-05     2.95  0.00721
     543        :50@OE1_:80@N        5  2.5e-05     2.95   0.0353
     544          :1@O_:79@CD        5  2.5e-05     2.95   0.0451
     545        :44@NZ_:81@CD        5  2.5e-05     2.96   0.0322
     546         :17@CB_:71@O        5  2.5e-05     2.96   0.0212
     547       :10@OG1_:78@CZ        5  2.5e-05     2.96   0.0346
     548       :13@CD2_:77@CE        5  2.5e-05     2.96    0.027
     549       :14@CG_:71@CE1        5  2.5e-05     2.96  0.00864
     550      :29@NH2_:79@NE2        5  2.5e-05     2.96   0.0292
     551           :8@O_:77@O        5  2.5e-05     2.96   0.0342
     552          :1@CB_:81@O        5  2.5e-05     2.96    0.013
     553         :35@CD_:79@O        5  2.5e-05     2.96   0.0192
     554         :50@O_:74@CB        5  2.5e-05     2.96   0.0341
     555        :51@CG2_:72@O        5  2.5e-05     2.97   0.0148
     556      :51@CD1_:72@OD2        5  2.5e-05     2.97   0.0239
     557       :16@OG1_:71@CB        5  2.5e-05     2.97   0.0242
     558        :48@O_:80@CG2        5  2.5e-05     2.97   0.0165
     559        :29@NH1_:81@N        5  2.5e-05     2.97   0.0212
     560       :14@OD1_:71@CZ        5  2.5e-05     2.97   0.0229
     561          :8@CD_:78@O        5  2.5e-05     2.98   0.0162
     562          :1@O_:79@CG        5  2.5e-05     2.98   0.0159
     563        :3@OD1_:75@OG        4    2e-05     2.78   0.0713
     564         :29@NE_:80@O        4    2e-05     2.85   0.0687
     565      :14@ND2_:72@OD1        4    2e-05     2.87    0.103
     566          :1@O_:81@CG        4    2e-05     2.88   0.0577
     567         :1@NE2_:77@O        4    2e-05      2.9   0.0427
     568         :9@N_:78@CD1        4    2e-05     2.92   0.0251
     569         :1@O_:79@OE1        4    2e-05     2.92   0.0555
     570          :4@O_:77@CD        4    2e-05     2.93   0.0331
     571       :50@OE1_:74@CB        4    2e-05     2.93   0.0411
     572        :50@OE2_:80@N        4    2e-05     2.93   0.0811
     573         :16@N_:73@CB        4    2e-05     2.93   0.0386
     574        :50@OE1_:78@O        4    2e-05     2.94   0.0372
     575         :49@CD_:79@O        4    2e-05     2.94    0.037
     576         :3@CG_:77@NZ        4    2e-05     2.94   0.0477
     577        :10@O_:76@CD1        4    2e-05     2.95   0.0378
     578       :14@OD1_:74@CD        4    2e-05     2.95   0.0416
     579        :51@CD1_:73@N        4    2e-05     2.96   0.0397
     580        :3@CG_:79@NE2        4    2e-05     2.96    0.035
     581         :14@CG_:71@N        4    2e-05     2.96   0.0186
     582       :34@CB_:81@OE1        4    2e-05     2.97   0.0124
     583         :49@CB_:80@O        4    2e-05     2.97   0.0247
     584        :50@CG_:75@OG        4    2e-05     2.98   0.0129
     585        :50@N_:78@CE1        4    2e-05     2.98   0.0185
     586      :18@NH1_:71@CE1        4    2e-05     2.98  0.00509
     587        :18@NH1_:71@N        3  1.5e-05     2.89   0.0453
     588           :7@O_:77@O        3  1.5e-05     2.92   0.0678
     589         :9@CG2_:76@O        3  1.5e-05     2.92   0.0743
     590         :6@OD1_:80@O        3  1.5e-05     2.92   0.0661
     591        :35@O_:78@CE1        3  1.5e-05     2.93   0.0337
     592          :4@CB_:78@O        3  1.5e-05     2.93   0.0128
     593          :1@CG_:78@O        3  1.5e-05     2.93   0.0409
     594          :2@CG_:80@O        3  1.5e-05     2.94   0.0292
     595      :13@CE2_:78@CE1        3  1.5e-05     2.94   0.0441
     596        :1@CB_:81@OXT        3  1.5e-05     2.94   0.0468
     597           :9@C_:77@O        3  1.5e-05     2.94   0.0275
     598        :6@OD1_:81@CG        3  1.5e-05     2.95   0.0349
     599      :13@CD2_:78@CE2        3  1.5e-05     2.95   0.0336
     600       :50@OE2_:74@CB        3  1.5e-05     2.95   0.0243
     601        :35@NZ_:78@CZ        3  1.5e-05     2.95   0.0266
     602        :50@OE2_:78@O        3  1.5e-05     2.95   0.0159
     603       :18@CD_:72@OD1        3  1.5e-05     2.95   0.0235
     604       :3@OD1_:80@CG2        3  1.5e-05     2.96   0.0203
     605       :3@OD2_:76@CD1        3  1.5e-05     2.96   0.0458
     606       :24@NH2_:72@CG        3  1.5e-05     2.96   0.0403
     607          :52@O_:73@O        3  1.5e-05     2.96   0.0288
     608       :13@OH_:71@CE2        3  1.5e-05     2.96   0.0263
     609        :14@O_:71@CE1        3  1.5e-05     2.97   0.0192
     610        :11@SG_:77@CE        3  1.5e-05     2.97   0.0168
     611         :9@N_:78@CD2        3  1.5e-05     2.97   0.0197
     612         :18@CG_:71@O        3  1.5e-05     2.97   0.0111
     613       :6@OD1_:80@CG2        3  1.5e-05     2.97   0.0289
     614       :44@CD_:81@OE2        3  1.5e-05     2.97   0.0233
     615        :27@OG_:81@CD        3  1.5e-05     2.97   0.0189
     616        :13@N_:76@CD1        3  1.5e-05     2.97  0.00935
     617       :44@CD_:81@OE1        3  1.5e-05     2.97   0.0246
     618       :49@CD_:81@OE1        3  1.5e-05     2.97   0.0127
     619       :29@NH2_:81@CG        3  1.5e-05     2.98   0.0236
     620       :47@CG2_:71@OH        3  1.5e-05     2.98  0.00416
     621        :33@OG_:77@CD        3  1.5e-05     2.98   0.0113
     622        :18@NH2_:71@N        3  1.5e-05     2.98   0.0102
     623        :18@NE_:71@OH        3  1.5e-05     2.98    0.025
     624         :8@N_:79@NE2        3  1.5e-05     2.98 0.000452
     625       :35@CD_:81@OE2        3  1.5e-05     2.98  0.00527
     626        :10@CG2_:76@O        3  1.5e-05     2.98  0.00911
     627        :50@CD_:77@NZ        3  1.5e-05     2.99  0.00588
     628         :3@N_:81@OE2        2    1e-05     2.85     0.12
     629         :50@CD_:81@O        2    1e-05     2.86     0.02
     630        :8@CD_:79@OE1        2    1e-05     2.87   0.0283
     631          :48@O_:81@O        2    1e-05      2.9  0.00813
     632          :1@CB_:78@O        2    1e-05      2.9   0.0218
     633         :4@O_:80@CG1        2    1e-05      2.9   0.0808
     634         :9@O_:76@CD2        2    1e-05      2.9    0.056
     635          :8@O_:76@CB        2    1e-05      2.9   0.0679
     636       :50@OE2_:79@CG        2    1e-05      2.9   0.0471
     637         :13@CZ_:74@O        2    1e-05      2.9   0.0468
     638       :50@OE1_:77@CE        2    1e-05     2.91   0.0284
     639        :1@OE1_:81@CD        2    1e-05     2.91  0.00138
     640       :50@OE1_:81@CB        2    1e-05     2.92   0.0355
     641       :29@NH2_:78@CB        2    1e-05     2.92   0.0725
     642        :50@O_:78@CE1        2    1e-05     2.92   0.0265
     643        :18@CD_:71@OH        2    1e-05     2.93   0.0289
     644       :18@NH1_:71@CZ        2    1e-05     2.93   0.0361
     645       :29@CZ_:79@OE1        2    1e-05     2.93    0.034
     646       :11@SG_:79@OE1        2    1e-05     2.93   0.0073
     647         :11@O_:76@CG        2    1e-05     2.94   0.0434
     648         :3@N_:81@OE1        2    1e-05     2.94   0.0304
     649       :6@OD1_:81@OE1        2    1e-05     2.94   0.0386
     650      :50@OE2_:80@CG1        2    1e-05     2.94   0.0528
     651          :2@CD_:81@O        2    1e-05     2.94    0.026
     652        :24@CD_:71@OH        2    1e-05     2.94   0.0515
     653       :35@CG_:81@OE1        2    1e-05     2.94   0.0282
     654         :6@CG_:77@NZ        2    1e-05     2.94  0.00365
     655        :1@CG_:81@OE2        2    1e-05     2.94   0.0165
     656          :11@N_:77@O        2    1e-05     2.94   0.0375
     657        :29@NH2_:80@C        2    1e-05     2.94 8.84e-05
     658      :18@NH1_:71@CD1        2    1e-05     2.95   0.0476
     659         :9@N_:78@CE1        2    1e-05     2.95   0.0114
     660        :1@CG_:79@OE1        2    1e-05     2.95 0.000568
     661          :9@O_:77@CD        2    1e-05     2.95  0.00232
     662        :51@CG1_:73@O        2    1e-05     2.95   0.0111
     663         :15@C_:73@CB        2    1e-05     2.95   0.0217
     664         :18@CZ_:71@O        2    1e-05     2.96   0.0197
     665       :16@OG1_:72@CA        2    1e-05     2.96   0.0198
     666       :49@CG_:81@OE1        2    1e-05     2.96  0.00692
     667        :7@CB_:78@CE1        2    1e-05     2.96  0.00164
     668         :12@O_:78@CZ        2    1e-05     2.96   0.0131
     669        :15@O_:71@CE2        2    1e-05     2.96  0.00612
     670         :5@O_:79@OE1        2    1e-05     2.96   0.0399
     671       :13@CE2_:77@CE        2    1e-05     2.96   0.0408
     672        :3@OD2_:77@CD        2    1e-05     2.96   0.0364
     673       :50@OE1_:79@CB        2    1e-05     2.96   0.0337
     674       :38@CE_:78@CE2        2    1e-05     2.96   0.0318
     675         :48@O_:81@CG        2    1e-05     2.96   0.0357
     676         :35@O_:77@CE        2    1e-05     2.96   0.0367
     677          :10@O_:77@N        2    1e-05     2.96   0.0254
     678       :10@OG1_:77@CD        2    1e-05     2.96   0.0188
     679        :1@CB_:81@OE2        2    1e-05     2.96  0.00397
     680       :17@OD1_:71@CZ        2    1e-05     2.97   0.0213
     681       :14@OD1_:74@CG        2    1e-05     2.97   0.0287
     682       :34@CB_:81@OXT        2    1e-05     2.97   0.0258
     683       :6@ND2_:80@CG1        2    1e-05     2.97  0.00917
     684        :13@OH_:73@CB        2    1e-05     2.97  0.00701
     685      :13@CD1_:76@CD1        2    1e-05     2.97  0.00995
     686          :7@O_:77@CB        2    1e-05     2.97 0.000235
     687       :29@NE_:78@CD1        2    1e-05     2.97  0.00175
     688        :38@NZ_:78@CZ        2    1e-05     2.98   0.0233
     689          :50@O_:80@O        2    1e-05     2.98   0.0244
     690      :50@OE1_:78@CD1        2    1e-05     2.98  0.00195
     691          :16@N_:72@N        2    1e-05     2.98   0.0196
     692         :33@OG_:81@O        2    1e-05     2.98  0.00795
     693       :44@NZ_:80@CG1        2    1e-05     2.98   0.0109
     694         :7@O_:79@OE1        2    1e-05     2.98  0.00454
     695       :14@ND2_:74@CD        2    1e-05     2.98   0.0172
     696       :1@OE1_:80@CG1        2    1e-05     2.98   0.0128
     697      :50@OE2_:78@CD1        2    1e-05     2.98  0.00254
     698       :33@CA_:81@OE2        2    1e-05     2.98   0.0158
     699        :13@CD1_:74@O        2    1e-05     2.98  0.00566
     700        :1@NE2_:77@NZ        2    1e-05     2.99  0.00208
     701        :38@CE_:78@CZ        2    1e-05     2.99  0.00433
     702      :17@OD1_:71@CE2        2    1e-05     2.99  0.00238
     703        :50@OE2_:75@O        2    1e-05     2.99  0.00356
     704        :8@CG_:79@NE2        2    1e-05     2.99  0.00242
     705       :49@CA_:79@OE1        2    1e-05     2.99   0.0126
     706       :10@OG1_:78@CB        2    1e-05     2.99   0.0053
     707      :29@NH2_:80@CG2        2    1e-05     2.99  0.00115
     708       :24@NH1_:72@CG        2    1e-05     2.99  0.00289
     709        :35@CE_:78@CZ        2    1e-05     2.99  0.00387
     710        :13@CZ_:71@OH        2    1e-05     2.99  0.00647
     711       :33@OG_:78@CE1        2    1e-05     2.99  0.00838
     712        :1@CB_:81@OE1        2    1e-05     2.99  0.00239
     713       :12@SG_:76@CD2        2    1e-05     2.99  0.00444
     714         :50@N_:78@CZ        2    1e-05        3 0.000627
     715         :7@C_:79@OE1        2    1e-05        3 0.000838
     716        :29@NH2_:77@O        1    5e-06     2.73 2.98e-08
     717         :10@O_:75@OG        1    5e-06     2.76 2.98e-08
     718          :18@O_:71@N        1    5e-06     2.76        0
     719        :34@OG_:77@NZ        1    5e-06     2.77        0
     720       :13@OH_:79@OE1        1    5e-06     2.78        0
     721       :18@NE_:71@CD1        1    5e-06     2.82        0
     722      :18@NH2_:71@CD1        1    5e-06     2.82        0
     723         :1@NE2_:80@N        1    5e-06     2.83        0
     724          :9@O_:78@CG        1    5e-06     2.84        0
     725          :9@O_:75@OG        1    5e-06     2.85        0
     726         :13@OH_:76@O        1    5e-06     2.86        0
     727        :42@CD1_:76@O        1    5e-06     2.86        0
     728        :49@NZ_:78@CZ        1    5e-06     2.86        0
     729       :38@NZ_:78@CE2        1    5e-06     2.87        0
     730          :52@N_:72@O        1    5e-06     2.87        0
     731        :16@OG1_:72@O        1    5e-06     2.88 4.21e-08
     732         :29@NE_:81@O        1    5e-06     2.88        0
     733        :1@OE1_:79@CB        1    5e-06     2.89        0
     734        :8@CD_:81@OXT        1    5e-06     2.89 4.21e-08
     735           :1@O_:81@N        1    5e-06     2.89        0
     736        :8@CA_:79@OE1        1    5e-06     2.89        0
     737       :18@NH1_:71@CB        1    5e-06     2.89        0
     738      :50@OE1_:79@OE1        1    5e-06      2.9        0
     739        :13@OH_:71@CZ        1    5e-06      2.9        0
     740           :6@O_:80@N        1    5e-06      2.9        0
     741        :10@OG1_:76@N        1    5e-06     2.91        0
     742        :10@N_:78@CE1        1    5e-06     2.91 4.21e-08
     743        :18@NE_:71@CZ        1    5e-06     2.91        0
     744         :12@CA_:76@O        1    5e-06     2.91        0
     745       :3@OD1_:80@CG1        1    5e-06     2.91        0
     746        :18@CZ_:71@OH        1    5e-06     2.91        0
     747         :49@NZ_:73@O        1    5e-06     2.91        0
     748       :50@OE1_:79@CG        1    5e-06     2.91        0
     749       :29@CZ_:78@CD2        1    5e-06     2.92        0
     750      :13@CE1_:78@CE2        1    5e-06     2.92 4.21e-08
     751        :6@OD1_:81@CB        1    5e-06     2.92        0
     752        :29@NH1_:79@O        1    5e-06     2.92        0
     753        :14@OD1_:74@O        1    5e-06     2.92        0
     754       :49@NZ_:71@CE1        1    5e-06     2.93 4.21e-08
     755       :17@CG_:71@CD1        1    5e-06     2.93        0
     756         :3@O_:80@CG2        1    5e-06     2.93        0
     757        :6@ND2_:77@CE        1    5e-06     2.93        0
     758       :11@CB_:78@CD2        1    5e-06     2.93        0
     759         :4@O_:80@CG2        1    5e-06     2.93 4.21e-08
     760         :49@NZ_:71@O        1    5e-06     2.93        0
     761         :13@O_:71@OH        1    5e-06     2.93        0
     762       :18@CG_:72@OD2        1    5e-06     2.93        0
     763         :1@OE1_:79@C        1    5e-06     2.93        0
     764         :3@O_:79@OE1        1    5e-06     2.93        0
     765           :9@N_:76@O        1    5e-06     2.94        0
     766          :2@CB_:80@O        1    5e-06     2.94        0
     767         :1@OE1_:81@N        1    5e-06     2.94        0
     768        :50@OE2_:78@C        1    5e-06     2.94        0
     769         :11@O_:76@CA        1    5e-06     2.94        0
     770        :34@OG_:78@CZ        1    5e-06     2.94        0
     771        :49@NZ_:71@CZ        1    5e-06     2.94        0
     772       :35@CD_:79@OE1        1    5e-06     2.94        0
     773       :44@NZ_:80@CG2        1    5e-06     2.94 4.21e-08
     774           :8@O_:76@O        1    5e-06     2.94        0
     775        :52@SG_:75@OG        1    5e-06     2.94        0
     776       :35@NZ_:78@CE1        1    5e-06     2.94        0
     777        :48@O_:79@OE1        1    5e-06     2.94        0
     778          :6@CB_:81@O        1    5e-06     2.95        0
     779        :10@CG2_:78@O        1    5e-06     2.95        0
     780        :33@OG_:77@CE        1    5e-06     2.95 4.21e-08
     781       :13@OH_:71@CE1        1    5e-06     2.95        0
     782       :14@CB_:71@CE2        1    5e-06     2.95        0
     783       :50@OE1_:78@CZ        1    5e-06     2.95        0
     784          :8@CG_:76@O        1    5e-06     2.95        0
     785        :8@CB_:78@CE2        1    5e-06     2.95 4.21e-08
     786          :3@O_:77@CG        1    5e-06     2.95 4.21e-08
     787        :1@OE1_:77@CG        1    5e-06     2.95        0
     788       :29@NH1_:81@CG        1    5e-06     2.96        0
     789         :17@CG_:71@N        1    5e-06     2.96        0
     790        :3@OD1_:79@CD        1    5e-06     2.96        0
     791       :3@OD1_:76@CD2        1    5e-06     2.96        0
     792           :7@O_:78@O        1    5e-06     2.96        0
     793         :33@OG_:81@C        1    5e-06     2.96        0
     794          :6@CG_:80@O        1    5e-06     2.96        0
     795          :12@C_:76@O        1    5e-06     2.96        0
     796         :17@CG_:71@O        1    5e-06     2.96        0
     797         :3@O_:81@OE2        1    5e-06     2.96 4.21e-08
     798       :6@ND2_:80@CG2        1    5e-06     2.96        0
     799       :35@CB_:81@OXT        1    5e-06     2.96        0
     800       :13@OH_:79@NE2        1    5e-06     2.96        0
     801        :6@CG_:81@OE1        1    5e-06     2.96        0
     802        :29@NE_:81@CG        1    5e-06     2.96        0
     803         :8@O_:78@CE2        1    5e-06     2.96        0
     804         :7@O_:78@CE2        1    5e-06     2.97        0
     805       :9@CG1_:81@OE2        1    5e-06     2.97        0
     806       :18@CB_:72@OD2        1    5e-06     2.97 4.21e-08
     807         :49@CE_:81@C        1    5e-06     2.97 4.21e-08
     808       :50@OE2_:81@CB        1    5e-06     2.97        0
     809       :14@ND2_:71@CB        1    5e-06     2.97        0
     810       :14@ND2_:78@CZ        1    5e-06     2.97        0
     811       :27@CB_:81@OE1        1    5e-06     2.97        0
     812         :14@O_:73@CA        1    5e-06     2.97        0
     813        :1@NE2_:81@CD        1    5e-06     2.97        0
     814         :52@SG_:74@C        1    5e-06     2.97        0
     815         :35@CE_:78@O        1    5e-06     2.97        0
     816       :49@CD_:72@OD2        1    5e-06     2.97        0
     817        :1@CG_:81@OE1        1    5e-06     2.97        0
     818        :34@OG_:81@CG        1    5e-06     2.97        0
     819      :13@CD2_:76@CD1        1    5e-06     2.97        0
     820        :8@CG_:81@OE1        1    5e-06     2.97        0
     821      :14@ND2_:78@CD2        1    5e-06     2.97        0
     822        :35@NZ_:79@CD        1    5e-06     2.97        0
     823       :29@NH2_:75@CB        1    5e-06     2.97        0
     824         :50@O_:73@CA        1    5e-06     2.97        0
     825       :29@CD_:81@OXT        1    5e-06     2.97 4.21e-08
     826       :27@CB_:81@OE2        1    5e-06     2.97        0
     827        :8@CB_:79@OE1        1    5e-06     2.98        0
     828       :3@OD1_:76@CD1        1    5e-06     2.98        0
     829       :11@SG_:78@CD2        1    5e-06     2.98        0
     830          :15@C_:72@N        1    5e-06     2.98        0
     831        :50@O_:71@CD1        1    5e-06     2.98        0
     832        :6@OD1_:77@CD        1    5e-06     2.98 4.21e-08
     833         :11@O_:77@CE        1    5e-06     2.98        0
     834       :42@CG1_:75@OG        1    5e-06     2.98        0
     835         :8@CB_:78@CZ        1    5e-06     2.98        0
     836         :34@N_:81@CD        1    5e-06     2.98        0
     837          :2@CG_:81@O        1    5e-06     2.98        0
     838        :2@CD_:81@OE2        1    5e-06     2.98 4.21e-08
     839        :14@CB_:73@CB        1    5e-06     2.98        0
     840        :8@CG_:78@CD1        1    5e-06     2.98        0
     841       :35@CG_:81@OE2        1    5e-06     2.98        0
     842         :29@NE_:79@O        1    5e-06     2.98        0
     843       :50@OE2_:78@CG        1    5e-06     2.98        0
     844        :4@CB_:79@OE1        1    5e-06     2.98        0
     845       :18@NH2_:72@CB        1    5e-06     2.98 4.21e-08
     846       :49@CD_:79@OE1        1    5e-06     2.98        0
     847          :9@CB_:78@O        1    5e-06     2.98        0
     848         :44@CD_:81@O        1    5e-06     2.98        0
     849         :7@C_:79@NE2        1    5e-06     2.98        0
     850         :3@N_:80@CG1        1    5e-06     2.98        0
     851       :29@NE_:78@CE2        1    5e-06     2.98        0
     852         :9@O_:80@CG2        1    5e-06     2.98        0
     853          :2@O_:79@CD        1    5e-06     2.98        0
     854         :50@O_:74@CD        1    5e-06     2.98        0
     855        :29@NE_:81@CD        1    5e-06     2.98        0
     856       :50@OE1_:80@CA        1    5e-06     2.98        0
     857        :18@NE_:72@CG        1    5e-06     2.98        0
     858          :7@O_:77@CD        1    5e-06     2.99        0
     859       :13@OH_:78@CE1        1    5e-06     2.99        0
     860         :3@N_:80@CG2        1    5e-06     2.99        0
     861       :9@CG1_:81@OE1        1    5e-06     2.99        0
     862      :13@CD2_:76@CD2        1    5e-06     2.99 4.21e-08
     863       :14@OD1_:73@CA        1    5e-06     2.99        0
     864        :50@OE2_:81@O        1    5e-06     2.99        0
     865        :8@CG_:78@CD2        1    5e-06     2.99        0
     866        :50@O_:78@CD1        1    5e-06     2.99        0
     867        :1@OE1_:81@CG        1    5e-06     2.99        0
     868        :32@O_:81@OE2        1    5e-06     2.99        0
     869           :1@O_:80@C        1    5e-06     2.99        0
     870         :2@N_:81@OXT        1    5e-06     2.99 4.21e-08
     871          :7@O_:79@CG        1    5e-06     2.99        0
     872       :11@CB_:78@CE1        1    5e-06     2.99        0
     873         :5@CD1_:80@O        1    5e-06     2.99        0
     874        :8@CB_:78@CE1        1    5e-06     2.99        0
     875         :6@ND2_:79@O        1    5e-06     2.99        0
     876       :35@CD_:81@OE1        1    5e-06     2.99        0
     877          :8@CD_:77@O        1    5e-06     2.99        0
     878         :9@O_:80@CG1        1    5e-06     2.99        0
     879       :24@CZ_:72@OD2        1    5e-06     2.99        0
     880         :1@NE2_:81@C        1    5e-06     2.99        0
     881       :10@OG1_:77@CG        1    5e-06     2.99        0
     882       :3@OD1_:79@OE1        1    5e-06     2.99        0
     883        :2@CD_:81@OE1        1    5e-06     2.99        0
     884          :9@O_:76@CB        1    5e-06     2.99        0
     885        :1@OE1_:79@CD        1    5e-06     2.99        0
     886       :13@OH_:71@CD2        1    5e-06     2.99        0
     887        :1@CB_:79@OE1        1    5e-06     2.99        0
     888        :14@O_:71@CD2        1    5e-06     2.99        0
     889        :14@CG_:71@CZ        1    5e-06     2.99        0
     890       :18@CG_:72@OD1        1    5e-06     2.99        0
     891          :8@O_:77@CD        1    5e-06        3 4.21e-08
     892       :18@CD_:71@CE1        1    5e-06        3        0
     893        :33@OG_:81@CG        1    5e-06        3 4.21e-08
     894          :6@O_:81@CG        1    5e-06        3        0
     895       :18@CZ_:71@CE2        1    5e-06        3        0
     896        :51@CD1_:72@C        1    5e-06        3        0
     897          :8@O_:77@CG        1    5e-06        3        0
     898          :51@C_:73@O        1    5e-06        3        0
     899        :44@NZ_:81@CB        1    5e-06        3        0
     900       :49@CD_:79@NE2        1    5e-06        3        0
     901       :18@NE_:71@CE1        1    5e-06        3 4.21e-08
     902         :10@C_:78@CB        1    5e-06        3 4.21e-08
     903        :17@CG_:71@OH        1    5e-06        3        0
     904         :35@NZ_:81@N        1    5e-06        3        0
     905         :9@CG2_:80@N        1    5e-06        3        0
