# Contacts: NC1
# Native contacts determined from mask ':1-70&!@H*' and mask ':71-81&!@H*'
# Non-native Contacts: NC1
#                     Contact  Nframes    Frac.      Avg    Stdev
       1          :11@N_:76@O   129485    0.647     2.87   0.0801
       2          :11@O_:76@N    93028    0.465     2.88   0.0771
       3           :9@O_:78@N    57950     0.29     2.88   0.0789
       4           :9@N_:78@O    50164    0.251     2.87   0.0822
       5       :35@NZ_:79@OD2    35964     0.18      2.8   0.0962
       6          :13@N_:74@O    35606    0.178     2.89   0.0753
       7         :33@OG_:79@O    34648    0.173      2.7    0.114
       8       :35@NZ_:81@OXT    30538    0.153     2.79   0.0947
       9         :35@NZ_:81@O    30426    0.152     2.78   0.0955
      10       :33@OG_:79@OD1    29625    0.148     2.65     0.11
      11          :30@O_:81@N    25584    0.128     2.88   0.0781
      12       :35@NZ_:79@OD1    24072     0.12     2.81   0.0961
      13          :32@N_:79@O    22757    0.114     2.88   0.0759
      14          :30@N_:81@O    20893    0.104     2.85   0.0844
      15         :35@NZ_:79@O    18130   0.0906     2.82   0.0966
      16          :50@N_:71@O    16786   0.0839     2.87   0.0793
      17        :16@OG1_:73@N    15320   0.0766     2.89   0.0693
      18      :32@OG1_:79@OD1    14715   0.0736     2.68    0.117
      19          :11@O_:76@O    14483   0.0724     2.92   0.0634
      20          :50@O_:73@N    13814   0.0691     2.89   0.0745
      21       :10@OG1_:77@NZ    12699   0.0635     2.86    0.083
      22         :50@O_:71@OH    12250   0.0612     2.73     0.12
      23       :38@NZ_:79@OD2    11680   0.0584      2.8   0.0932
      24         :34@OG_:81@O    10479   0.0524     2.67    0.117
      25       :34@OG_:81@OXT     9480   0.0474     2.67    0.119
      26        :14@ND2_:73@O     9477   0.0474     2.86   0.0846
      27      :32@OG1_:79@OD2     9390   0.0469     2.69    0.119
      28        :14@ND2_:74@O     9314   0.0466     2.85   0.0859
      29         :33@OG_:81@O     9298   0.0465     2.66    0.114
      30          :52@N_:73@O     8949   0.0447     2.87   0.0799
      31          :8@O_:77@NZ     8907   0.0445     2.82   0.0927
      32        :30@N_:81@OXT     8424   0.0421     2.84   0.0852
      33         :33@OG_:80@O     8318   0.0416     2.73     0.12
      34          :14@N_:74@O     7916   0.0396     2.91   0.0672
      35          :34@N_:81@O     7029   0.0351     2.85   0.0856
      36          :6@O_:81@NZ     6799    0.034     2.83   0.0935
      37        :32@OG1_:79@O     6124   0.0306      2.8    0.132
      38        :14@OD1_:73@N     6077   0.0304     2.88   0.0777
      39        :34@N_:81@OXT     5878   0.0294     2.85   0.0854
      40       :33@OG_:79@OD2     5648   0.0282     2.68     0.12
      41        :3@OD1_:77@NZ     5044   0.0252     2.81   0.0978
      42        :3@OD2_:77@NZ     4933   0.0247     2.81   0.0971
      43        :3@OD2_:81@NZ     4826   0.0241     2.81   0.0977
      44           :9@O_:78@O     4430   0.0221     2.92   0.0665
      45         :6@ND2_:80@O     4318   0.0216     2.86   0.0832
      46        :3@OD1_:81@NZ     3746   0.0187     2.81   0.0961
      47          :15@O_:71@N     3578   0.0179     2.83   0.0936
      48        :32@OG1_:80@O     3178   0.0159     2.77    0.118
      49         :13@OH_:74@O     3125   0.0156     2.77    0.125
      50        :6@OD1_:81@NZ     2962   0.0148     2.83   0.0953
      51       :6@ND2_:79@OD1     2935   0.0147     2.83   0.0917
      52        :33@N_:79@OD1     2930   0.0146      2.9   0.0768
      53          :8@O_:77@CE     2822   0.0141     2.92   0.0654
      54        :14@OD1_:72@N     2818   0.0141     2.84   0.0895
      55         :33@OG_:79@N     2742   0.0137     2.89   0.0751
      56        :35@O_:76@NE2     2618   0.0131      2.9   0.0788
      57        :14@OD1_:71@N     2530   0.0126     2.83   0.0968
      58          :13@O_:73@N     2486   0.0124     2.88   0.0762
      59        :18@NH2_:71@O     2480   0.0124     2.83   0.0904
      60          :15@N_:71@O     2466   0.0123     2.88   0.0783
      61       :33@OG_:81@OXT     2380   0.0119     2.67     0.12
      62          :8@CB_:78@O     2341   0.0117     2.94   0.0496
      63         :47@O_:71@OH     2283   0.0114     2.76    0.121
      64         :13@OH_:73@O     2235   0.0112     2.76    0.121
      65         :6@ND2_:81@O     2229   0.0111     2.82   0.0913
      66        :17@OD1_:71@N     2222   0.0111     2.82    0.097
      67          :4@O_:77@NZ     2169   0.0108     2.83   0.0918
      68         :35@CE_:79@O     2051   0.0103     2.93   0.0596
      69         :11@O_:75@CA     2030   0.0101     2.96    0.034
      70       :6@ND2_:79@OD2     1978  0.00989     2.84   0.0932
      71        :34@N_:79@OD1     1906  0.00953     2.85   0.0864
      72        :1@OE1_:81@NZ     1869  0.00934     2.81   0.0947
      73       :34@OG_:79@OD1     1840   0.0092     2.67    0.113
      74        :33@N_:79@OD2     1608  0.00804      2.9   0.0774
      75         :11@O_:75@CB     1581  0.00791     2.95   0.0422
      76       :38@NZ_:79@OD1     1558  0.00779     2.83   0.0975
      77         :49@NZ_:71@O     1542  0.00771     2.84   0.0933
      78        :10@OG1_:76@N     1513  0.00756     2.94   0.0541
      79         :15@O_:71@OH     1504  0.00752     2.74    0.114
      80        :14@ND2_:71@O     1423  0.00711     2.86   0.0903
      81         :1@N_:81@OXT     1346  0.00673     2.81   0.0997
      82        :18@NH1_:71@O     1316  0.00658     2.85   0.0898
      83          :33@N_:79@O     1271  0.00636     2.93   0.0561
      84          :5@O_:81@NZ     1236  0.00618     2.83   0.0958
      85         :12@SG_:74@O     1201    0.006     2.95   0.0417
      86        :10@OG1_:76@O     1188  0.00594     2.85    0.118
      87         :32@O_:81@NZ     1162  0.00581     2.83   0.0953
      88         :30@O_:81@NZ     1116  0.00558     2.82   0.0929
      89         :35@NZ_:80@O     1106  0.00553     2.85   0.0923
      90         :19@O_:71@OH     1087  0.00543     2.75    0.122
      91           :1@N_:81@O     1061   0.0053     2.81    0.101
      92        :12@O_:76@NE2     1029  0.00515     2.87   0.0842
      93        :29@NH2_:81@O     1004  0.00502     2.79   0.0958
      94          :3@O_:77@NZ      969  0.00485     2.83   0.0955
      95        :35@O_:76@CE1      958  0.00479     2.93     0.06
      96       :6@ND2_:81@OXT      950  0.00475     2.83   0.0913
      97         :33@CB_:79@O      938  0.00469     2.95   0.0449
      98       :32@OG1_:79@CG      926  0.00463     2.93   0.0521
      99         :50@O_:72@CA      839  0.00419     2.94   0.0522
     100        :10@OG1_:76@C      812  0.00406     2.94   0.0479
     101       :29@NE_:81@OXT      809  0.00404     2.83    0.089
     102       :10@OG1_:75@CB      803  0.00402     2.95   0.0411
     103        :13@CE2_:74@O      781  0.00391     2.93   0.0585
     104         :35@NZ_:77@O      769  0.00384     2.82   0.0884
     105          :34@N_:79@O      714  0.00357     2.89   0.0736
     106         :13@OH_:72@N      706  0.00353     2.89   0.0712
     107       :44@NZ_:81@OXT      698  0.00349      2.8   0.0981
     108       :14@OD1_:71@CA      689  0.00345     2.92   0.0637
     109         :29@NE_:79@O      678  0.00339     2.85   0.0909
     110        :14@OD1_:71@C      671  0.00335     2.91   0.0699
     111         :29@NE_:81@O      651  0.00326     2.82   0.0881
     112         :1@N_:79@OD1      649  0.00325     2.82   0.0933
     113       :10@OG1_:77@CE      647  0.00324     2.94   0.0512
     114         :1@NE2_:78@O      645  0.00323     2.83   0.0911
     115       :32@OG1_:81@NZ      635  0.00317     2.87   0.0832
     116        :13@CE1_:74@O      627  0.00314     2.93   0.0562
     117         :50@N_:71@OH      624  0.00312     2.92   0.0644
     118          :7@O_:77@NZ      610  0.00305     2.86    0.094
     119        :49@NZ_:71@OH      607  0.00303     2.89   0.0746
     120        :50@OE2_:71@N      584  0.00292     2.81   0.0986
     121        :14@ND2_:72@O      568  0.00284     2.86   0.0879
     122          :35@N_:81@O      562  0.00281      2.9     0.07
     123        :32@OG1_:79@C      547  0.00274     2.95   0.0412
     124         :35@CE_:81@O      543  0.00271     2.93   0.0581
     125          :13@O_:73@O      539  0.00269     2.91   0.0701
     126          :15@O_:71@O      526  0.00263      2.9   0.0758
     127       :1@NE2_:79@OD2      522  0.00261     2.82   0.0884
     128         :12@SG_:73@O      515  0.00258     2.96   0.0328
     129        :13@CD1_:73@O      486  0.00243     2.93   0.0631
     130          :8@CA_:78@O      466  0.00233     2.96   0.0342
     131        :50@OE1_:71@N      449  0.00225     2.82   0.0968
     132         :11@O_:75@SG      445  0.00222     2.96   0.0377
     133       :35@CE_:79@OD1      429  0.00215     2.93   0.0557
     134         :1@N_:79@OD2      425  0.00213     2.83    0.104
     135         :30@O_:80@CA      413  0.00206     2.97   0.0291
     136         :13@O_:72@CA      410  0.00205     2.93   0.0572
     137       :35@CE_:81@OXT      406  0.00203     2.93   0.0573
     138         :33@CB_:80@O      404  0.00202     2.94   0.0499
     139        :32@OG1_:80@N      401    0.002     2.95   0.0431
     140         :44@NZ_:81@O      399  0.00199     2.81   0.0968
     141       :36@SG_:79@OD1      384  0.00192     2.95   0.0431
     142         :18@O_:71@OH      383  0.00192     2.79    0.116
     143         :18@N_:71@OH      375  0.00187     2.92   0.0608
     144        :11@O_:78@CE1      375  0.00187     2.95   0.0421
     145         :28@O_:81@NZ      369  0.00185     2.84   0.0942
     146       :14@ND2_:71@OH      367  0.00184     2.91   0.0648
     147       :35@CE_:79@OD2      364  0.00182     2.93    0.057
     148        :14@OD1_:73@O      363  0.00181     2.92   0.0684
     149         :7@O_:80@CG2      363  0.00181     2.94   0.0512
     150           :6@O_:80@N      357  0.00178     2.92   0.0607
     151         :34@OG_:81@N      350  0.00175      2.9   0.0683
     152        :35@NZ_:79@CG      347  0.00173     2.96   0.0348
     153          :7@O_:81@NZ      346  0.00173     2.84   0.0902
     154        :13@CD2_:74@O      340   0.0017     2.94    0.053
     155       :33@CB_:79@OD1      338  0.00169     2.96    0.038
     156          :32@N_:80@O      335  0.00168     2.86   0.0796
     157        :49@CE_:71@OH      325  0.00162     2.94    0.049
     158         :11@SG_:76@O      317  0.00159     2.96   0.0374
     159        :14@OD1_:71@O      316  0.00158     2.91    0.073
     160         :9@N_:79@OD2      313  0.00156     2.89   0.0759
     161      :29@NH2_:81@OXT      310  0.00155     2.83   0.0971
     162       :14@OD1_:71@OH      308  0.00154     2.76    0.118
     163          :50@O_:71@N      308  0.00154     2.81   0.0912
     164         :15@O_:71@CA      308  0.00154     2.92   0.0578
     165          :34@N_:80@O      307  0.00153      2.9   0.0703
     166        :33@OG_:79@CG      307  0.00153     2.94   0.0495
     167        :32@C_:79@OD1      300   0.0015     2.94   0.0511
     168          :6@O_:79@CG      288  0.00144     2.93   0.0612
     169         :35@CD_:79@O      288  0.00144     2.95   0.0402
     170          :30@O_:81@O      284  0.00142     2.95   0.0478
     171       :38@CE_:79@OD1      282  0.00141     2.93   0.0612
     172          :32@O_:80@O      275  0.00137     2.91   0.0736
     173        :10@OG1_:75@C      275  0.00137     2.95   0.0429
     174         :11@CB_:76@O      271  0.00136     2.94    0.047
     175       :24@NH1_:71@OH      261   0.0013     2.89   0.0749
     176           :9@O_:76@O      260   0.0013     2.93   0.0557
     177         :10@O_:81@NZ      256  0.00128     2.83   0.0879
     178      :14@OD1_:71@CD1      255  0.00128     2.93   0.0536
     179        :29@NH2_:79@O      248  0.00124     2.84   0.0964
     180         :52@SG_:74@O      241   0.0012     2.96   0.0408
     181        :14@ND2_:73@N      237  0.00119     2.95   0.0417
     182       :16@OG1_:72@CA      234  0.00117     2.95   0.0403
     183         :18@NE_:71@O      232  0.00116     2.87    0.085
     184         :34@OG_:80@O      231  0.00115     2.83    0.127
     185       :10@OG1_:77@CG      230  0.00115     2.96   0.0358
     186         :35@CE_:80@O      229  0.00114     2.92   0.0658
     187         :6@O_:79@OD1      221  0.00111     2.92   0.0638
     188         :48@O_:71@OH      220   0.0011     2.76    0.118
     189          :8@O_:77@CG      207  0.00103     2.96   0.0381
     190         :7@O_:80@CG1      206  0.00103     2.94   0.0466
     191       :50@OE1_:81@NZ      197 0.000985     2.83   0.0949
     192       :30@NE_:81@OXT      192  0.00096     2.78   0.0863
     193         :17@N_:71@OH      187 0.000935     2.92    0.052
     194       :50@OE2_:81@NZ      180   0.0009     2.82   0.0928
     195           :7@O_:80@N      180   0.0009     2.89   0.0764
     196          :9@O_:77@CA      180   0.0009     2.97   0.0294
     197         :13@CB_:74@O      179 0.000895     2.95   0.0446
     198         :34@OG_:79@O      178  0.00089     2.81    0.143
     199         :14@O_:73@CB      178  0.00089     2.95   0.0429
     200          :3@O_:81@NZ      176  0.00088     2.83   0.0932
     201        :32@C_:79@OD2      174  0.00087     2.94   0.0553
     202          :33@N_:80@O      173 0.000865     2.92   0.0622
     203         :5@O_:80@CG2      173 0.000865     2.95   0.0455
     204         :35@NZ_:81@C      173 0.000865     2.96   0.0315
     205         :52@SG_:73@O      169 0.000845     2.96   0.0343
     206          :4@O_:81@NZ      163 0.000815     2.82   0.0916
     207       :1@NE2_:79@OD1      159 0.000795     2.82   0.0888
     208       :1@NE2_:81@OXT      158  0.00079     2.82    0.104
     209       :33@CB_:79@OD2      153 0.000765     2.95   0.0439
     210           :6@O_:80@O      151 0.000755     2.92   0.0664
     211         :21@N_:71@OH      148  0.00074     2.91   0.0615
     212         :13@OH_:71@N      145 0.000725      2.9   0.0738
     213      :30@NH2_:81@OXT      137 0.000685     2.81   0.0951
     214          :9@O_:77@NZ      135 0.000675     2.84   0.0917
     215         :14@CB_:74@O      135 0.000675     2.95   0.0458
     216        :30@O_:80@CG2      135 0.000675     2.95   0.0398
     217         :10@CA_:76@O      135 0.000675     2.97   0.0287
     218        :6@OD1_:81@CE      134  0.00067     2.93   0.0584
     219        :32@OG1_:80@C      134  0.00067     2.95   0.0419
     220         :35@O_:78@CZ      133 0.000665     2.93   0.0615
     221        :30@O_:81@OXT      131 0.000655     2.95    0.045
     222       :38@NZ_:81@OXT      128  0.00064     2.82   0.0968
     223       :29@CB_:81@OXT      128  0.00064     2.95   0.0446
     224         :6@O_:79@OD2      127 0.000635     2.93   0.0555
     225        :10@OG1_:75@O      126  0.00063     2.93   0.0581
     226         :13@OH_:71@O      125 0.000625     2.82    0.118
     227        :18@NH2_:72@O      121 0.000605      2.9   0.0754
     228          :8@CB_:77@O      121 0.000605     2.95   0.0424
     229         :34@OG_:81@C      120   0.0006     2.96   0.0427
     230          :6@O_:81@CE      118  0.00059     2.92   0.0615
     231       :50@OE1_:71@OH      117 0.000585     2.73    0.122
     232          :1@O_:81@NZ      115 0.000575     2.84   0.0979
     233       :38@CE_:79@OD2      114  0.00057     2.94    0.044
     234         :13@OH_:72@O      107 0.000535     2.82    0.112
     235        :49@CB_:71@OH      107 0.000535     2.96   0.0333
     236         :13@CZ_:74@O      106  0.00053     2.95   0.0408
     237       :17@OD1_:71@OH      103 0.000515     2.79    0.121
     238          :14@O_:73@C      100   0.0005     2.93   0.0586
     239          :1@CA_:81@O       99 0.000495     2.93   0.0597
     240         :49@CE_:71@O       98  0.00049     2.93   0.0637
     241          :5@O_:81@CE       97 0.000485     2.93   0.0521
     242      :29@NH1_:81@OXT       95 0.000475     2.78    0.102
     243          :8@CG_:77@O       95 0.000475     2.95   0.0373
     244        :35@N_:81@OXT       94  0.00047      2.9   0.0736
     245          :4@O_:77@CE       94  0.00047     2.93   0.0568
     246        :13@CD1_:74@O       94  0.00047     2.95    0.046
     247         :32@O_:81@CE       92  0.00046     2.92   0.0621
     248        :1@OE1_:81@CE       92  0.00046     2.93   0.0601
     249         :34@CB_:81@O       91 0.000455     2.96   0.0339
     250         :11@SG_:78@O       90  0.00045     2.95   0.0413
     251          :8@O_:77@CD       88  0.00044     2.95   0.0414
     252       :17@OD1_:71@CB       87 0.000435     2.95   0.0463
     253         :10@CB_:76@O       85 0.000425     2.95    0.038
     254        :3@OD2_:81@CE       84  0.00042     2.93   0.0624
     255        :32@OG1_:81@O       83 0.000415     2.75    0.133
     256         :29@CA_:81@O       83 0.000415     2.97   0.0313
     257          :8@CG_:78@O       81 0.000405     2.95   0.0481
     258       :45@OG1_:71@OH       79 0.000395     2.85   0.0926
     259           :6@O_:81@N       79 0.000395     2.89   0.0714
     260         :35@CB_:79@O       79 0.000395     2.95   0.0365
     261           :5@O_:81@N       76  0.00038      2.9    0.074
     262        :32@OG1_:81@N       75 0.000375     2.93   0.0555
     263         :49@CD_:71@O       75 0.000375     2.94   0.0472
     264      :14@OD1_:76@NE2       74  0.00037     2.87   0.0863
     265        :35@O_:78@CE1       74  0.00037     2.94   0.0488
     266       :18@NH1_:71@OH       73 0.000365      2.9   0.0687
     267       :34@CB_:81@OXT       72  0.00036     2.95   0.0439
     268        :1@CA_:79@OD2       71 0.000355     2.93   0.0513
     269        :35@O_:78@CD1       71 0.000355     2.95   0.0452
     270        :13@OH_:71@OH       70  0.00035     2.86   0.0976
     271         :30@O_:81@CE       70  0.00035     2.91   0.0729
     272        :12@O_:76@CE1       70  0.00035     2.94   0.0531
     273        :14@OD1_:74@O       69 0.000345     2.93   0.0572
     274      :32@OG1_:81@OXT       68  0.00034      2.7    0.115
     275        :1@OE1_:77@NZ       68  0.00034     2.86   0.0843
     276          :8@O_:77@CB       68  0.00034     2.95   0.0452
     277        :13@OH_:73@CB       67 0.000335     2.96   0.0363
     278        :10@CG2_:75@O       65 0.000325     2.94   0.0343
     279          :5@O_:77@NZ       63 0.000315     2.87   0.0825
     280         :13@OH_:76@N       62  0.00031     2.92   0.0502
     281        :3@OD1_:77@CE       62  0.00031     2.93    0.057
     282       :50@OE1_:77@NZ       61 0.000305      2.8   0.0933
     283         :29@CB_:81@O       61 0.000305     2.96   0.0406
     284         :38@NZ_:81@O       60   0.0003     2.82    0.108
     285       :33@OG_:76@NE2       60   0.0003     2.91   0.0651
     286       :6@OD1_:79@OD2       59 0.000295     2.93   0.0519
     287       :35@CD_:79@OD2       59 0.000295     2.96   0.0337
     288         :34@OG_:78@O       58  0.00029     2.71    0.124
     289       :14@OD1_:73@CB       58  0.00029     2.95   0.0478
     290          :6@O_:79@CB       58  0.00029     2.95   0.0401
     291       :14@OD1_:72@CA       57 0.000285     2.93   0.0509
     292        :3@OD1_:81@CE       57 0.000285     2.94   0.0516
     293         :33@CB_:78@O       56  0.00028     2.94   0.0555
     294        :11@O_:76@CD2       56  0.00028     2.94   0.0566
     295         :50@C_:71@OH       56  0.00028     2.95    0.046
     296       :50@OE2_:77@NZ       54  0.00027      2.8    0.102
     297        :10@OG1_:75@N       54  0.00027     2.92   0.0584
     298          :11@C_:76@O       54  0.00027     2.93    0.053
     299       :16@OG1_:71@OH       53 0.000265     2.83    0.107
     300         :6@OD1_:80@O       53 0.000265     2.92    0.075
     301       :17@ND2_:71@OH       52  0.00026     2.91   0.0629
     302         :35@CE_:77@O       52  0.00026     2.92   0.0687
     303         :14@O_:73@CA       52  0.00026     2.96   0.0342
     304         :33@CB_:81@O       52  0.00026     2.97   0.0331
     305          :11@O_:74@O       50  0.00025      2.9   0.0787
     306       :10@OG1_:75@SG       50  0.00025     2.97   0.0327
     307         :49@C_:71@OH       49 0.000245     2.95   0.0437
     308        :33@OG_:78@CB       49 0.000245     2.97   0.0238
     309          :11@N_:75@O       48  0.00024     2.89   0.0796
     310        :18@NE_:71@OH       48  0.00024     2.91    0.067
     311         :13@OH_:75@N       48  0.00024     2.93    0.052
     312        :3@OD2_:77@CE       48  0.00024     2.94   0.0565
     313        :11@O_:78@CE2       44  0.00022     2.94   0.0512
     314          :6@CB_:80@O       44  0.00022     2.95   0.0382
     315       :16@OG1_:73@CB       43 0.000215     2.95   0.0388
     316        :16@OG1_:71@O       42  0.00021     2.83    0.111
     317         :6@O_:80@CG2       42  0.00021     2.95   0.0373
     318         :29@NE_:80@O       41 0.000205     2.88    0.075
     319        :12@O_:76@CD2       41 0.000205     2.95   0.0436
     320          :36@N_:79@O       40   0.0002     2.92   0.0664
     321        :13@CE2_:73@O       40   0.0002     2.94   0.0611
     322       :10@OG1_:76@CA       40   0.0002     2.97   0.0316
     323       :24@NH2_:71@OH       39 0.000195      2.9   0.0693
     324      :14@ND2_:76@ND1       39 0.000195     2.92   0.0531
     325         :30@O_:80@CB       39 0.000195     2.97   0.0302
     326          :9@O_:77@CB       38  0.00019     2.96   0.0392
     327         :33@OG_:78@O       37 0.000185     2.84     0.11
     328        :13@O_:76@NE2       37 0.000185      2.9    0.065
     329         :14@CB_:73@O       37 0.000185     2.95   0.0384
     330         :9@CG2_:78@O       37 0.000185     2.96   0.0364
     331          :50@O_:75@N       36  0.00018     2.91   0.0701
     332          :32@O_:79@O       36  0.00018     2.94   0.0536
     333        :24@NE_:71@OH       36  0.00018     2.94   0.0599
     334        :1@CA_:81@OXT       35 0.000175     2.94    0.051
     335       :33@CA_:79@OD2       35 0.000175     2.96   0.0322
     336        :14@ND2_:75@O       34  0.00017      2.9   0.0637
     337          :3@O_:77@CE       34  0.00017     2.93   0.0675
     338          :9@O_:78@CB       34  0.00017     2.97   0.0221
     339        :35@O_:76@CD2       33 0.000165     2.93   0.0403
     340         :15@O_:73@CB       33 0.000165     2.95   0.0438
     341       :13@OH_:76@ND1       32  0.00016     2.84   0.0834
     342        :38@NZ_:71@OH       32  0.00016     2.89   0.0663
     343         :15@N_:71@OH       32  0.00016      2.9   0.0714
     344          :48@O_:71@O       32  0.00016     2.91   0.0821
     345          :6@CG_:80@O       32  0.00016     2.92    0.081
     346          :50@O_:71@O       32  0.00016     2.92   0.0593
     347       :32@OG1_:81@CE       32  0.00016     2.92    0.059
     348          :50@O_:73@O       32  0.00016     2.93    0.083
     349          :32@C_:80@O       32  0.00016     2.94   0.0479
     350        :38@NZ_:79@CG       32  0.00016     2.96   0.0406
     351       :29@CA_:81@OXT       32  0.00016     2.97    0.024
     352         :13@OH_:80@O       31 0.000155     2.85   0.0954
     353        :34@N_:79@OD2       31 0.000155     2.87   0.0729
     354        :44@NZ_:71@OH       31 0.000155      2.9   0.0729
     355        :15@O_:71@CD2       31 0.000155     2.91   0.0625
     356         :6@OD1_:81@O       31 0.000155     2.93   0.0505
     357          :36@N_:80@O       31 0.000155     2.94   0.0433
     358        :50@O_:71@CE2       31 0.000155     2.96    0.035
     359          :7@O_:77@CE       30  0.00015     2.94   0.0471
     360           :9@O_:77@C       30  0.00015     2.95   0.0319
     361       :33@CA_:79@OD1       30  0.00015     2.97   0.0295
     362           :1@C_:81@O       29 0.000145     2.94   0.0419
     363        :32@O_:79@OD1       29 0.000145     2.95   0.0365
     364         :44@NZ_:71@O       28  0.00014     2.83    0.104
     365       :44@CE_:81@OXT       28  0.00014     2.92   0.0656
     366        :11@O_:78@CD1       28  0.00014     2.96   0.0348
     367         :1@NE2_:80@O       27 0.000135     2.88   0.0858
     368         :1@NE2_:77@O       27 0.000135     2.89   0.0778
     369          :7@O_:81@CE       27 0.000135     2.94   0.0388
     370         :11@O_:74@CB       27 0.000135     2.94   0.0493
     371         :14@O_:71@OH       26  0.00013     2.82    0.122
     372       :18@NH2_:71@OH       26  0.00013      2.9   0.0742
     373        :50@OE2_:71@O       25 0.000125     2.92   0.0746
     374        :35@O_:78@CE2       25 0.000125     2.94   0.0581
     375       :35@CD_:79@OD1       25 0.000125     2.95   0.0365
     376        :11@CB_:78@CZ       25 0.000125     2.97   0.0243
     377      :18@NH2_:71@CE1       24  0.00012     2.94   0.0462
     378        :13@CE2_:75@N       24  0.00012     2.95   0.0435
     379          :15@O_:72@O       23 0.000115     2.89   0.0867
     380         :50@O_:73@CB       23 0.000115     2.96   0.0373
     381       :10@OG1_:77@CD       23 0.000115     2.97   0.0287
     382        :27@OG_:81@NZ       22  0.00011     2.89   0.0563
     383         :5@O_:80@CG1       22  0.00011     2.94   0.0486
     384        :51@CD1_:71@O       22  0.00011     2.94   0.0565
     385         :13@CB_:73@O       22  0.00011     2.95   0.0394
     386         :12@O_:78@CZ       22  0.00011     2.95   0.0454
     387       :13@OH_:71@CD1       22  0.00011     2.95   0.0414
     388        :12@SG_:71@OH       22  0.00011     2.96   0.0426
     389         :49@NZ_:72@O       21 0.000105     2.86   0.0923
     390         :6@OD1_:80@N       21 0.000105     2.89    0.055
     391        :6@ND2_:81@NZ       21 0.000105     2.91   0.0656
     392           :4@O_:80@O       21 0.000105     2.92   0.0526
     393         :49@O_:71@OH       21 0.000105     2.93   0.0606
     394         :35@O_:78@CB       21 0.000105     2.95   0.0387
     395        :16@OG1_:72@N       20   0.0001      2.9   0.0548
     396           :3@O_:80@O       20   0.0001     2.91   0.0761
     397        :32@O_:79@OD2       20   0.0001     2.94   0.0437
     398        :50@OE1_:71@O       20   0.0001     2.94    0.042
     399       :36@CB_:79@OD1       20   0.0001     2.95    0.032
     400       :50@OE2_:75@SG       20   0.0001     2.96   0.0314
     401         :11@O_:74@CG       20   0.0001     2.96   0.0249
     402       :36@SG_:79@OD2       20   0.0001     2.96   0.0317
     403         :49@CA_:71@O       20   0.0001     2.96   0.0241
     404          :3@O_:81@CE       20   0.0001     2.96   0.0275
     405         :3@CG_:77@NZ       20   0.0001     2.97   0.0245
     406         :33@CA_:80@O       20   0.0001     2.97    0.029
     407          :48@O_:71@N       19  9.5e-05     2.87   0.0842
     408       :33@CB_:81@OXT       19  9.5e-05     2.96   0.0327
     409        :13@OH_:74@CB       19  9.5e-05     2.96   0.0384
     410       :14@OD1_:78@CZ       19  9.5e-05     2.97   0.0237
     411       :14@OD1_:74@CD       18    9e-05     2.95   0.0488
     412        :10@CG2_:76@O       18    9e-05     2.95   0.0361
     413         :12@CA_:74@O       18    9e-05     2.96   0.0308
     414         :6@ND2_:78@O       17  8.5e-05     2.83   0.0966
     415        :12@O_:76@ND1       17  8.5e-05     2.92   0.0708
     416         :52@O_:73@CB       17  8.5e-05     2.95   0.0475
     417      :13@CE2_:78@CE1       17  8.5e-05     2.95   0.0304
     418        :10@OG1_:77@N       17  8.5e-05     2.95   0.0361
     419         :49@CB_:71@O       17  8.5e-05     2.95   0.0388
     420       :14@ND2_:73@CB       17  8.5e-05     2.96   0.0439
     421         :34@O_:81@CE       16    8e-05      2.9   0.0638
     422          :9@O_:77@CE       16    8e-05      2.9   0.0646
     423           :9@O_:79@N       16    8e-05     2.94   0.0566
     424         :12@O_:75@SG       16    8e-05     2.95   0.0501
     425         :35@CG_:79@O       16    8e-05     2.95   0.0431
     426       :32@OG1_:80@CA       16    8e-05     2.96   0.0259
     427       :13@OH_:76@NE2       15  7.5e-05     2.87   0.0709
     428         :13@OH_:75@O       15  7.5e-05     2.91   0.0737
     429        :14@OD1_:74@C       15  7.5e-05     2.93   0.0623
     430        :15@O_:71@CD1       15  7.5e-05     2.93    0.049
     431        :48@O_:71@CD2       15  7.5e-05     2.94   0.0478
     432         :16@O_:71@OH       15  7.5e-05     2.94   0.0525
     433           :9@N_:79@O       15  7.5e-05     2.94   0.0655
     434      :32@OG1_:80@CG1       15  7.5e-05     2.95    0.026
     435         :13@CG_:73@O       14    7e-05     2.92   0.0744
     436         :9@O_:78@CD1       14    7e-05     2.94   0.0646
     437      :24@NH1_:71@CD2       14    7e-05     2.95   0.0282
     438         :10@CB_:75@O       14    7e-05     2.95   0.0405
     439         :12@CB_:74@O       14    7e-05     2.96   0.0343
     440        :13@OH_:76@CB       14    7e-05     2.96    0.038
     441         :34@O_:81@NZ       13  6.5e-05     2.85   0.0892
     442         :24@O_:71@OH       13  6.5e-05     2.85     0.11
     443          :35@N_:80@O       13  6.5e-05      2.9   0.0636
     444         :50@CD_:71@O       13  6.5e-05     2.94   0.0367
     445           :5@O_:80@O       13  6.5e-05     2.94   0.0673
     446         :11@O_:78@CZ       13  6.5e-05     2.95   0.0396
     447         :35@CB_:81@O       13  6.5e-05     2.96   0.0392
     448       :6@OD1_:79@OD1       13  6.5e-05     2.96   0.0261
     449      :24@NH2_:71@CE1       13  6.5e-05     2.96   0.0258
     450         :36@SG_:79@O       13  6.5e-05     2.96   0.0364
     451      :18@NH1_:71@CE1       13  6.5e-05     2.97   0.0267
     452         :12@SG_:71@N       13  6.5e-05     2.98   0.0149
     453       :50@OE2_:71@OH       12    6e-05     2.71     0.12
     454       :14@OD1_:74@CG       12    6e-05     2.94   0.0396
     455       :13@OH_:78@CE1       12    6e-05     2.94   0.0469
     456         :6@O_:80@CG1       12    6e-05     2.95   0.0583
     457       :13@OH_:71@CE1       12    6e-05     2.95    0.028
     458       :33@OG_:78@CD1       12    6e-05     2.95   0.0464
     459       :32@OG1_:79@CB       12    6e-05     2.96   0.0406
     460         :35@CD_:80@O       12    6e-05     2.96    0.034
     461       :37@CD_:76@CD2       12    6e-05     2.96   0.0367
     462         :36@SG_:80@O       12    6e-05     2.96   0.0281
     463         :32@CB_:79@O       12    6e-05     2.97   0.0263
     464         :1@NE2_:81@O       11  5.5e-05     2.86   0.0828
     465        :34@OG_:81@NZ       11  5.5e-05     2.88   0.0849
     466       :51@CD1_:71@OH       11  5.5e-05     2.94   0.0448
     467        :6@OD1_:79@CG       11  5.5e-05     2.94   0.0577
     468         :44@CE_:81@O       11  5.5e-05     2.95   0.0334
     469       :14@ND2_:71@CZ       11  5.5e-05     2.95   0.0425
     470        :31@O_:78@CE2       11  5.5e-05     2.95   0.0551
     471       :38@CD_:79@OD1       11  5.5e-05     2.96   0.0172
     472         :33@CA_:81@O       11  5.5e-05     2.97    0.017
     473         :33@OG_:81@C       11  5.5e-05     2.97   0.0262
     474        :24@NH2_:71@O       10    5e-05     2.89   0.0831
     475         :14@CG_:71@O       10    5e-05     2.93   0.0578
     476      :24@NH1_:71@CE2       10    5e-05     2.93   0.0396
     477         :34@OG_:80@C       10    5e-05     2.94   0.0559
     478        :35@O_:78@CD2       10    5e-05     2.95   0.0404
     479        :20@CD1_:71@O       10    5e-05     2.95   0.0249
     480       :33@OG_:78@CD2       10    5e-05     2.96   0.0478
     481         :11@O_:76@CB       10    5e-05     2.96    0.064
     482        :30@O_:80@CG1       10    5e-05     2.96   0.0464
     483       :38@CD_:79@OD2       10    5e-05     2.96   0.0571
     484        :13@CE1_:73@O       10    5e-05     2.97   0.0285
     485         :3@CG_:81@NZ       10    5e-05     2.97   0.0234
     486       :50@OE1_:75@SG       10    5e-05     2.97   0.0211
     487      :32@OG1_:80@CG2       10    5e-05     2.97   0.0227
     488        :49@CE_:71@CZ       10    5e-05     2.97   0.0229
     489        :14@ND2_:72@C       10    5e-05     2.98   0.0227
     490       :34@OG_:79@OD2        9  4.5e-05     2.86    0.111
     491        :30@NH2_:81@O        9  4.5e-05     2.88   0.0912
     492          :14@O_:73@O        9  4.5e-05     2.93    0.045
     493        :1@NE2_:81@NZ        9  4.5e-05     2.93   0.0685
     494        :15@O_:71@CE2        9  4.5e-05     2.93   0.0387
     495       :46@CG1_:71@OH        9  4.5e-05     2.94   0.0621
     496       :13@CD2_:71@OH        9  4.5e-05     2.94   0.0494
     497        :6@OD1_:81@CD        9  4.5e-05     2.94   0.0664
     498       :51@CG1_:71@OH        9  4.5e-05     2.95    0.034
     499        :6@ND2_:79@CG        9  4.5e-05     2.95   0.0458
     500        :12@O_:78@CE2        9  4.5e-05     2.95   0.0376
     501        :8@CG_:79@OD1        9  4.5e-05     2.95   0.0445
     502        :18@CB_:71@OH        9  4.5e-05     2.96   0.0257
     503        :48@O_:71@CE2        9  4.5e-05     2.96   0.0457
     504        :24@CD_:71@OH        9  4.5e-05     2.96    0.043
     505        :13@OH_:71@CA        9  4.5e-05     2.96   0.0268
     506        :13@OH_:71@CZ        9  4.5e-05     2.96   0.0401
     507          :6@CA_:80@O        9  4.5e-05     2.96   0.0258
     508         :33@CA_:79@O        9  4.5e-05     2.96   0.0209
     509       :45@CG2_:71@OH        9  4.5e-05     2.96   0.0234
     510      :14@ND2_:71@CE2        9  4.5e-05     2.96   0.0258
     511      :13@CE2_:78@CD1        9  4.5e-05     2.97   0.0274
     512         :35@CD_:81@O        9  4.5e-05     2.97   0.0262
     513         :11@C_:75@SG        9  4.5e-05     2.98   0.0117
     514         :13@OH_:79@O        8    4e-05     2.84    0.148
     515        :16@OG1_:72@O        8    4e-05     2.85    0.114
     516       :1@OE1_:76@NE2        8    4e-05     2.85    0.052
     517        :36@N_:79@OD1        8    4e-05     2.88   0.0969
     518       :17@OD1_:71@CA        8    4e-05      2.9   0.0582
     519        :1@CA_:79@OD1        8    4e-05     2.91   0.0646
     520         :13@OH_:71@C        8    4e-05     2.92   0.0632
     521        :13@O_:76@CE1        8    4e-05     2.94   0.0314
     522        :3@OD1_:77@CD        8    4e-05     2.94   0.0447
     523      :13@CD2_:78@CD1        8    4e-05     2.94   0.0431
     524      :14@OD1_:76@CE1        8    4e-05     2.94   0.0414
     525         :32@O_:81@CD        8    4e-05     2.94   0.0222
     526         :11@CB_:78@O        8    4e-05     2.94   0.0241
     527      :24@NH1_:71@CD1        8    4e-05     2.95   0.0305
     528      :13@CE2_:71@CE1        8    4e-05     2.95   0.0366
     529          :12@C_:74@O        8    4e-05     2.95   0.0306
     530         :33@CB_:79@N        8    4e-05     2.95   0.0278
     531        :14@CG_:71@OH        8    4e-05     2.95   0.0339
     532           :1@N_:81@C        8    4e-05     2.95   0.0279
     533       :37@CD_:78@CE1        8    4e-05     2.95   0.0193
     534      :13@CE2_:76@CD2        8    4e-05     2.96   0.0349
     535         :30@O_:81@CD        8    4e-05     2.96   0.0289
     536      :24@NH1_:71@CE1        8    4e-05     2.97   0.0283
     537       :35@CD_:81@OXT        8    4e-05     2.97   0.0146
     538       :24@NH1_:71@CZ        8    4e-05     2.97   0.0178
     539         :51@CA_:73@O        8    4e-05     2.97   0.0362
     540         :13@OH_:73@N        7  3.5e-05     2.89    0.046
     541       :6@OD1_:80@CG2        7  3.5e-05     2.93   0.0517
     542        :13@OH_:72@CA        7  3.5e-05     2.93   0.0592
     543          :11@O_:75@C        7  3.5e-05     2.94   0.0384
     544      :24@NH2_:71@CE2        7  3.5e-05     2.94    0.036
     545       :13@OH_:71@CD2        7  3.5e-05     2.94   0.0393
     546        :36@N_:76@CE1        7  3.5e-05     2.95   0.0343
     547         :4@O_:80@CG2        7  3.5e-05     2.95   0.0325
     548       :6@OD1_:81@OXT        7  3.5e-05     2.95   0.0384
     549        :32@O_:78@CD2        7  3.5e-05     2.95   0.0329
     550        :48@O_:71@CD1        7  3.5e-05     2.95   0.0297
     551      :13@CD1_:78@CE2        7  3.5e-05     2.96   0.0304
     552          :9@O_:77@CD        7  3.5e-05     2.96   0.0348
     553      :17@ND2_:71@CE2        7  3.5e-05     2.96   0.0308
     554        :48@O_:71@CE1        7  3.5e-05     2.96   0.0329
     555        :6@CB_:79@OD2        7  3.5e-05     2.97   0.0136
     556        :12@O_:78@CE1        7  3.5e-05     2.97   0.0212
     557      :13@CD2_:76@CE1        7  3.5e-05     2.97   0.0216
     558         :12@N_:75@SG        7  3.5e-05     2.98    0.013
     559           :1@N_:79@O        6    3e-05     2.85   0.0924
     560        :11@O_:76@CE1        6    3e-05     2.89   0.0726
     561          :35@O_:79@O        6    3e-05     2.91    0.068
     562         :1@C_:81@OXT        6    3e-05     2.91   0.0811
     563         :28@O_:81@CE        6    3e-05     2.92   0.0767
     564        :13@CE1_:75@O        6    3e-05     2.93   0.0514
     565         :15@O_:71@CB        6    3e-05     2.93   0.0647
     566         :10@O_:81@CE        6    3e-05     2.93   0.0434
     567      :13@CD2_:76@NE2        6    3e-05     2.94   0.0516
     568      :14@ND2_:71@CE1        6    3e-05     2.94   0.0375
     569           :7@O_:78@O        6    3e-05     2.94   0.0412
     570         :29@CD_:81@O        6    3e-05     2.94   0.0271
     571        :37@CD_:78@CZ        6    3e-05     2.95     0.06
     572         :33@OG_:81@N        6    3e-05     2.95    0.032
     573        :32@O_:78@CD1        6    3e-05     2.95   0.0334
     574       :35@CG_:79@OD1        6    3e-05     2.95   0.0443
     575        :13@CE2_:75@O        6    3e-05     2.95   0.0155
     576         :6@ND2_:81@C        6    3e-05     2.95   0.0356
     577        :33@OG_:79@CB        6    3e-05     2.95   0.0215
     578        :32@O_:80@CG1        6    3e-05     2.95   0.0555
     579      :13@CD2_:76@CD2        6    3e-05     2.96   0.0437
     580       :51@CG2_:71@OH        6    3e-05     2.96   0.0442
     581        :1@CG_:79@OD2        6    3e-05     2.96   0.0327
     582       :47@CG2_:71@OH        6    3e-05     2.96    0.033
     583       :11@CB_:78@CE1        6    3e-05     2.96   0.0323
     584       :13@OH_:76@CD2        6    3e-05     2.96   0.0302
     585        :51@CG2_:71@O        6    3e-05     2.97   0.0335
     586      :13@CD1_:76@CD2        6    3e-05     2.97   0.0227
     587       :14@ND2_:78@CZ        6    3e-05     2.97   0.0188
     588       :1@OE1_:79@OD1        6    3e-05     2.97   0.0216
     589       :37@CG_:76@CD2        6    3e-05     2.98   0.0189
     590         :9@CG1_:78@O        6    3e-05     2.98   0.0132
     591         :18@C_:71@OH        6    3e-05     2.98   0.0107
     592         :13@O_:71@OH        5  2.5e-05     2.74   0.0759
     593        :29@NH1_:81@O        5  2.5e-05     2.89   0.0631
     594        :13@CD2_:73@O        5  2.5e-05      2.9   0.0633
     595        :11@O_:76@NE2        5  2.5e-05      2.9   0.0906
     596           :9@O_:77@O        5  2.5e-05      2.9   0.0229
     597         :13@CZ_:73@O        5  2.5e-05     2.92   0.0476
     598          :34@N_:78@O        5  2.5e-05     2.93   0.0655
     599      :17@ND2_:71@CE1        5  2.5e-05     2.93   0.0352
     600         :35@O_:79@CB        5  2.5e-05     2.94   0.0375
     601          :14@O_:74@O        5  2.5e-05     2.94   0.0575
     602          :4@O_:81@CE        5  2.5e-05     2.94   0.0413
     603        :32@O_:81@OXT        5  2.5e-05     2.94   0.0383
     604         :33@OG_:78@C        5  2.5e-05     2.94   0.0359
     605          :11@O_:76@C        5  2.5e-05     2.94   0.0378
     606         :50@O_:75@SG        5  2.5e-05     2.95   0.0343
     607         :28@O_:81@CD        5  2.5e-05     2.95    0.033
     608        :18@NH1_:72@O        5  2.5e-05     2.95   0.0349
     609        :47@O_:71@CE1        5  2.5e-05     2.95   0.0398
     610         :15@C_:71@OH        5  2.5e-05     2.96   0.0388
     611        :24@CZ_:71@OH        5  2.5e-05     2.96   0.0271
     612       :13@OH_:71@CE2        5  2.5e-05     2.97   0.0315
     613          :9@O_:77@CG        5  2.5e-05     2.97  0.00764
     614        :18@CD_:71@OH        5  2.5e-05     2.97   0.0264
     615       :34@CB_:79@OD1        5  2.5e-05     2.98    0.016
     616        :14@ND2_:72@N        5  2.5e-05     2.98   0.0114
     617      :24@NH2_:71@CD1        5  2.5e-05     2.98   0.0171
     618       :36@SG_:78@CE1        5  2.5e-05     2.98   0.0282
     619        :15@O_:71@CE1        4    2e-05     2.89     0.12
     620        :35@N_:79@OD1        4    2e-05     2.89   0.0496
     621        :12@CB_:71@OH        4    2e-05     2.91   0.0512
     622        :1@NE2_:77@NZ        4    2e-05     2.91   0.0745
     623        :18@CZ_:71@OH        4    2e-05     2.92   0.0508
     624         :14@CB_:71@O        4    2e-05     2.93   0.0398
     625          :11@O_:75@N        4    2e-05     2.93   0.0166
     626      :18@NH1_:71@CE2        4    2e-05     2.93   0.0338
     627        :32@OG1_:81@C        4    2e-05     2.94   0.0358
     628        :18@NH2_:72@C        4    2e-05     2.94   0.0473
     629      :13@CD2_:78@CE2        4    2e-05     2.94   0.0353
     630        :34@OG_:81@CE        4    2e-05     2.95   0.0399
     631      :17@OD1_:71@CE2        4    2e-05     2.95   0.0396
     632       :49@CE_:71@CE1        4    2e-05     2.95   0.0401
     633        :13@OH_:78@CZ        4    2e-05     2.95   0.0332
     634        :1@OE1_:81@CD        4    2e-05     2.95   0.0504
     635      :13@CD1_:78@CE1        4    2e-05     2.95    0.029
     636       :15@CD1_:71@OH        4    2e-05     2.95   0.0109
     637          :15@C_:72@O        4    2e-05     2.95   0.0127
     638         :35@CB_:80@O        4    2e-05     2.95   0.0308
     639         :32@O_:80@CA        4    2e-05     2.95   0.0565
     640         :34@OG_:79@C        4    2e-05     2.95   0.0413
     641        :3@OD2_:77@CD        4    2e-05     2.95   0.0151
     642      :14@OD1_:76@ND1        4    2e-05     2.95   0.0187
     643        :13@OH_:74@CG        4    2e-05     2.95   0.0187
     644      :18@NH2_:71@CD1        4    2e-05     2.95   0.0151
     645       :49@NZ_:71@CE2        4    2e-05     2.96   0.0432
     646        :11@SG_:78@CZ        4    2e-05     2.96   0.0395
     647         :36@CA_:79@O        4    2e-05     2.96   0.0255
     648       :20@CG1_:71@OH        4    2e-05     2.96   0.0295
     649      :13@CD2_:78@CE1        4    2e-05     2.96   0.0268
     650          :35@C_:79@O        4    2e-05     2.96   0.0282
     651           :9@N_:77@O        4    2e-05     2.96   0.0455
     652      :31@CD1_:78@CD2        4    2e-05     2.96   0.0177
     653       :13@CE1_:71@OH        4    2e-05     2.96   0.0207
     654       :24@NH1_:71@CG        4    2e-05     2.97   0.0172
     655      :14@OD1_:71@CE1        4    2e-05     2.97   0.0172
     656         :36@CB_:79@O        4    2e-05     2.97   0.0134
     657      :18@NH2_:71@CD2        4    2e-05     2.97   0.0185
     658      :14@OD1_:78@CE2        4    2e-05     2.97  0.00518
     659        :13@CE1_:75@N        4    2e-05     2.97   0.0227
     660       :24@NE_:71@CE2        4    2e-05     2.97   0.0271
     661         :12@CB_:73@O        4    2e-05     2.97   0.0255
     662          :35@N_:79@O        4    2e-05     2.98   0.0253
     663      :17@ND2_:71@CD2        4    2e-05     2.98   0.0248
     664      :14@OD1_:71@CE2        4    2e-05     2.98   0.0146
     665       :36@SG_:76@ND1        4    2e-05     2.98   0.0294
     666         :35@CE_:81@C        4    2e-05     2.98   0.0215
     667       :33@OG_:80@CG1        4    2e-05     2.98   0.0155
     668          :8@CB_:78@C        4    2e-05     2.98    0.025
     669      :17@OD1_:71@CD2        4    2e-05     2.98    0.015
     670        :3@OD2_:81@CD        4    2e-05     2.98   0.0106
     671        :6@ND2_:81@CE        4    2e-05     2.99  0.00926
     672         :49@N_:71@OH        4    2e-05     2.99   0.0108
     673         :38@NZ_:79@O        3  1.5e-05     2.83    0.075
     674        :24@NH1_:71@O        3  1.5e-05     2.84   0.0583
     675        :29@NH2_:80@O        3  1.5e-05     2.84    0.049
     676         :37@O_:71@OH        3  1.5e-05     2.86   0.0525
     677          :11@O_:75@O        3  1.5e-05     2.86   0.0723
     678        :50@OE2_:75@N        3  1.5e-05     2.88   0.0789
     679          :35@O_:79@N        3  1.5e-05     2.88    0.109
     680       :3@OD2_:76@NE2        3  1.5e-05     2.88   0.0813
     681          :32@O_:81@O        3  1.5e-05     2.89    0.082
     682        :50@OE1_:75@N        3  1.5e-05      2.9    0.055
     683         :49@NZ_:73@O        3  1.5e-05      2.9     0.06
     684         :31@O_:78@CZ        3  1.5e-05      2.9   0.0694
     685       :50@OE2_:75@CB        3  1.5e-05     2.91   0.0636
     686          :35@C_:80@O        3  1.5e-05     2.91   0.0279
     687          :4@O_:77@CD        3  1.5e-05     2.92   0.0533
     688           :2@N_:81@O        3  1.5e-05     2.92   0.0343
     689      :24@NH2_:71@CD2        3  1.5e-05     2.93   0.0623
     690          :5@O_:77@CE        3  1.5e-05     2.93   0.0285
     691        :8@CG_:79@OD2        3  1.5e-05     2.93   0.0488
     692          :3@CG_:80@O        3  1.5e-05     2.93   0.0369
     693         :35@NZ_:80@C        3  1.5e-05     2.93   0.0481
     694      :16@OG1_:71@CE1        3  1.5e-05     2.93   0.0722
     695         :33@OG_:80@C        3  1.5e-05     2.94     0.05
     696          :32@O_:80@C        3  1.5e-05     2.94   0.0786
     697        :14@OD1_:75@N        3  1.5e-05     2.94   0.0243
     698      :18@NH1_:71@CD1        3  1.5e-05     2.94   0.0254
     699        :31@CG2_:80@O        3  1.5e-05     2.94  0.00515
     700        :6@CB_:79@OD1        3  1.5e-05     2.94   0.0452
     701         :12@O_:76@CB        3  1.5e-05     2.95   0.0301
     702         :29@CD_:80@O        3  1.5e-05     2.95   0.0436
     703         :34@OG_:80@N        3  1.5e-05     2.95   0.0345
     704          :7@O_:81@CB        3  1.5e-05     2.95   0.0346
     705       :24@NE_:71@CE1        3  1.5e-05     2.95   0.0462
     706       :18@NH1_:71@CG        3  1.5e-05     2.95   0.0443
     707         :3@O_:80@CG2        3  1.5e-05     2.95   0.0426
     708          :2@CD_:81@O        3  1.5e-05     2.95   0.0412
     709       :35@CB_:79@OD1        3  1.5e-05     2.95   0.0132
     710          :4@CB_:80@O        3  1.5e-05     2.95   0.0409
     711           :8@C_:78@O        3  1.5e-05     2.95   0.0181
     712        :13@CE2_:72@O        3  1.5e-05     2.96    0.013
     713         :35@CG_:77@O        3  1.5e-05     2.96   0.0281
     714       :11@CB_:76@NE2        3  1.5e-05     2.96   0.0252
     715         :50@O_:71@CZ        3  1.5e-05     2.96    0.031
     716       :36@SG_:76@CD2        3  1.5e-05     2.96   0.0285
     717        :6@OD1_:81@CG        3  1.5e-05     2.96   0.0173
     718        :16@OG1_:72@C        3  1.5e-05     2.96   0.0254
     719          :11@O_:74@C        3  1.5e-05     2.96   0.0335
     720         :11@N_:75@SG        3  1.5e-05     2.96   0.0423
     721       :35@CE_:78@CD2        3  1.5e-05     2.96   0.0207
     722         :48@O_:71@CZ        3  1.5e-05     2.96   0.0165
     723        :13@O_:78@CE1        3  1.5e-05     2.96   0.0224
     724       :35@CB_:79@OD2        3  1.5e-05     2.97   0.0109
     725       :36@CB_:79@OD2        3  1.5e-05     2.97     0.04
     726         :1@NE2_:79@O        3  1.5e-05     2.97   0.0254
     727        :38@CE_:71@OH        3  1.5e-05     2.97   0.0122
     728           :5@O_:80@N        3  1.5e-05     2.97   0.0297
     729        :47@O_:71@CE2        3  1.5e-05     2.97   0.0196
     730         :4@O_:80@CG1        3  1.5e-05     2.97   0.0277
     731       :10@OG1_:74@CG        3  1.5e-05     2.97   0.0154
     732         :50@CG_:71@O        3  1.5e-05     2.97   0.0167
     733        :49@CG_:71@OH        3  1.5e-05     2.97   0.0233
     734      :17@ND2_:71@CD1        3  1.5e-05     2.98    0.015
     735         :13@OH_:72@C        3  1.5e-05     2.98   0.0187
     736         :52@CB_:73@O        3  1.5e-05     2.98  0.00734
     737       :24@NH2_:71@CZ        3  1.5e-05     2.98   0.0121
     738          :4@O_:81@CD        3  1.5e-05     2.98   0.0126
     739          :6@O_:79@CA        3  1.5e-05     2.98   0.0126
     740       :49@CE_:71@CE2        3  1.5e-05     2.98  0.00326
     741       :10@CG2_:75@CB        3  1.5e-05     2.98  0.00757
     742       :11@SG_:78@CE2        3  1.5e-05     2.98   0.0121
     743       :37@CD_:76@NE2        3  1.5e-05     2.99   0.0128
     744      :13@CD1_:76@NE2        3  1.5e-05     2.99  0.00251
     745       :13@CB_:78@CE1        3  1.5e-05     2.99  0.00564
     746        :35@O_:76@ND1        3  1.5e-05     2.99  0.00529
     747       :35@NZ_:78@CD2        3  1.5e-05     2.99  0.00468
     748        :45@OG1_:71@O        2    1e-05     2.82  0.00564
     749         :10@O_:71@OH        2    1e-05     2.83    0.104
     750        :14@OD1_:72@O        2    1e-05     2.85   0.0758
     751        :6@OD1_:77@NZ        2    1e-05     2.86   0.0363
     752        :32@N_:81@OXT        2    1e-05     2.88   0.0621
     753          :30@O_:80@O        2    1e-05     2.89   0.0407
     754       :50@OE1_:75@CB        2    1e-05     2.89   0.0208
     755          :11@N_:78@O        2    1e-05      2.9   0.0733
     756        :33@OG_:81@CE        2    1e-05      2.9   0.0165
     757          :13@C_:74@O        2    1e-05     2.91   0.0462
     758          :5@O_:81@CD        2    1e-05     2.91  0.00131
     759        :34@OG_:79@CB        2    1e-05     2.91   0.0596
     760          :13@O_:72@C        2    1e-05     2.91 4.45e-05
     761         :14@CG_:73@O        2    1e-05     2.92   0.0336
     762        :13@CE1_:74@C        2    1e-05     2.92  0.00217
     763       :13@CE1_:74@CB        2    1e-05     2.92   0.0635
     764      :17@OD1_:71@CE1        2    1e-05     2.92  0.00676
     765          :5@O_:81@CG        2    1e-05     2.93    0.031
     766         :13@CZ_:71@O        2    1e-05     2.93   0.0454
     767          :10@C_:78@O        2    1e-05     2.93   0.0248
     768       :36@SG_:76@CE1        2    1e-05     2.93   0.0101
     769       :11@SG_:76@NE2        2    1e-05     2.93   0.0493
     770       :32@CB_:79@OD2        2    1e-05     2.93    0.061
     771         :10@CA_:75@O        2    1e-05     2.93   0.0318
     772       :18@NH2_:71@CZ        2    1e-05     2.94   0.0371
     773         :49@CE_:73@O        2    1e-05     2.94  0.00415
     774        :34@OG_:77@NZ        2    1e-05     2.94   0.0231
     775        :13@OH_:71@CG        2    1e-05     2.94   0.0587
     776          :14@N_:73@O        2    1e-05     2.94   0.0145
     777      :13@CD1_:78@CD1        2    1e-05     2.94   0.0397
     778         :19@C_:71@OH        2    1e-05     2.94   0.0343
     779        :35@C_:76@NE2        2    1e-05     2.95   0.0241
     780       :18@NE_:71@CE2        2    1e-05     2.95   0.0284
     781         :13@CZ_:72@N        2    1e-05     2.95   0.0368
     782      :16@OG1_:71@CE2        2    1e-05     2.95   0.0342
     783        :14@OD1_:72@C        2    1e-05     2.95  0.00452
     784         :49@CE_:72@O        2    1e-05     2.95  0.00174
     785       :32@OG1_:81@CB        2    1e-05     2.95 0.000108
     786       :24@NH2_:71@CG        2    1e-05     2.95   0.0352
     787          :32@C_:79@O        2    1e-05     2.95  0.00201
     788      :13@CD1_:76@CE1        2    1e-05     2.95   0.0247
     789         :33@OG_:79@C        2    1e-05     2.95    0.022
     790        :50@OE1_:71@C        2    1e-05     2.95  0.00197
     791       :13@CG_:76@NE2        2    1e-05     2.95  0.00247
     792         :35@CG_:81@O        2    1e-05     2.96   0.0141
     793       :18@NH2_:71@CB        2    1e-05     2.96   0.0169
     794         :16@C_:71@OH        2    1e-05     2.96  0.00932
     795         :12@SG_:71@O        2    1e-05     2.96   0.0291
     796        :13@CG_:71@OH        2    1e-05     2.96     0.03
     797       :20@CG2_:71@OH        2    1e-05     2.96   0.0405
     798      :14@ND2_:76@CE1        2    1e-05     2.96   0.0228
     799       :36@SG_:78@CD1        2    1e-05     2.96   0.0119
     800       :37@CG_:76@NE2        2    1e-05     2.96   0.0153
     801       :35@NZ_:78@CE2        2    1e-05     2.96   0.0147
     802        :13@CD2_:73@N        2    1e-05     2.96   0.0128
     803         :13@O_:78@CZ        2    1e-05     2.96   0.0347
     804        :48@CB_:71@OH        2    1e-05     2.96     0.01
     805        :32@O_:78@CE2        2    1e-05     2.96  0.00505
     806        :51@CG2_:72@O        2    1e-05     2.96   0.0246
     807        :3@OD1_:81@CD        2    1e-05     2.96   0.0311
     808       :18@NH1_:71@CZ        2    1e-05     2.97   0.0333
     809         :13@OH_:74@C        2    1e-05     2.97   0.0182
     810      :32@OG1_:78@CE2        2    1e-05     2.97   0.0309
     811      :13@CE2_:71@CE2        2    1e-05     2.97  0.00595
     812        :1@CG_:79@OD1        2    1e-05     2.97   0.0128
     813       :33@OG_:78@CE1        2    1e-05     2.97   0.0128
     814        :32@O_:80@CG2        2    1e-05     2.97   0.0168
     815       :10@OG1_:77@CB        2    1e-05     2.97  0.00787
     816       :11@SG_:78@CE1        2    1e-05     2.97 0.000727
     817        :1@CB_:79@OD1        2    1e-05     2.97   0.0215
     818       :13@CD1_:71@OH        2    1e-05     2.97   0.0151
     819       :13@OH_:78@CE2        2    1e-05     2.97 0.000179
     820         :35@NZ_:81@N        2    1e-05     2.97  0.00925
     821       :13@CD2_:78@CZ        2    1e-05     2.97   0.0204
     822          :34@N_:81@C        2    1e-05     2.97  0.00915
     823        :21@CB_:71@OH        2    1e-05     2.97  0.00215
     824        :51@CD1_:73@O        2    1e-05     2.97  0.00521
     825        :31@O_:78@CE1        2    1e-05     2.97   0.0143
     826       :1@NE2_:80@CG1        2    1e-05     2.97  0.00279
     827         :14@CG_:74@O        2    1e-05     2.97   0.0234
     828      :32@OG1_:78@CD2        2    1e-05     2.98 0.000222
     829        :47@O_:71@CD1        2    1e-05     2.98    0.021
     830        :36@SG_:78@CZ        2    1e-05     2.98   0.0104
     831      :18@NH2_:71@CE2        2    1e-05     2.98  0.00664
     832      :18@NH1_:71@CD2        2    1e-05     2.98   0.0133
     833       :36@SG_:78@CD2        2    1e-05     2.98  0.00173
     834        :38@CE_:78@CZ        2    1e-05     2.98  0.00923
     835       :11@SG_:76@CD2        2    1e-05     2.98   0.0102
     836      :16@OG1_:71@CD1        2    1e-05     2.98   0.0167
     837      :13@CD2_:71@CE2        2    1e-05     2.98   0.0148
     838        :18@NH1_:71@N        2    1e-05     2.98  0.00181
     839       :47@CG1_:71@OH        2    1e-05     2.98   0.0148
     840         :32@CB_:80@O        2    1e-05     2.98   0.0176
     841      :51@CG2_:71@CE1        2    1e-05     2.98  0.00562
     842         :13@N_:75@SG        2    1e-05     2.98   0.0163
     843        :14@CB_:71@OH        2    1e-05     2.98    0.015
     844        :50@CD_:71@OH        2    1e-05     2.98  0.00346
     845       :13@CD1_:78@CZ        2    1e-05     2.99  0.00874
     846        :33@OG_:78@CG        2    1e-05     2.99  0.00734
     847        :14@O_:71@CE1        2    1e-05     2.99  0.00563
     848         :29@NE_:81@C        2    1e-05     2.99  0.00744
     849       :13@CE2_:78@CZ        2    1e-05     2.99  0.00234
     850        :13@CE1_:73@C        2    1e-05     2.99  0.00956
     851       :50@OE1_:77@CE        2    1e-05     2.99   0.0102
     852      :13@CD2_:78@CD2        2    1e-05     2.99  0.00669
     853       :35@CE_:78@CE2        2    1e-05     2.99  0.00862
     854        :13@CE1_:73@N        2    1e-05     2.99  0.00157
     855       :49@CE_:71@CD1        2    1e-05     2.99  0.00202
     856         :11@CA_:76@O        2    1e-05     2.99  0.00491
     857         :50@CB_:71@O        2    1e-05     2.99   0.0093
     858         :29@CZ_:81@O        2    1e-05     2.99  0.00803
     859       :11@CB_:78@CE2        2    1e-05     2.99  0.00151
     860       :10@CG2_:75@SG        2    1e-05     2.99  0.00137
     861         :11@SG_:78@N        2    1e-05     2.99  0.00453
     862      :14@OD1_:71@CD2        2    1e-05     2.99  0.00221
     863         :30@O_:81@CB        2    1e-05     2.99  0.00263
     864         :36@CB_:80@O        2    1e-05     2.99  0.00434
     865       :33@CA_:81@OXT        2    1e-05     2.99  0.00743
     866        :49@NZ_:71@CZ        2    1e-05     2.99  0.00538
     867       :29@CD_:81@OXT        2    1e-05     2.99  0.00425
     868          :5@O_:81@CB        2    1e-05     2.99  0.00364
     869        :13@OH_:75@SG        2    1e-05        3  0.00334
     870        :13@CE1_:72@O        2    1e-05        3  0.00243
     871       :34@OG_:80@CG1        2    1e-05        3  0.00106
     872        :16@OG1_:71@N        1    5e-06     2.69        0
     873          :14@O_:71@N        1    5e-06     2.72        0
     874        :35@O_:80@CG1        1    5e-06     2.75 2.98e-08
     875         :38@NZ_:72@O        1    5e-06     2.78        0
     876        :1@OE1_:77@CE        1    5e-06     2.81        0
     877        :13@CE2_:71@O        1    5e-06     2.83        0
     878        :13@CE2_:74@C        1    5e-06     2.84        0
     879      :14@OD1_:76@CD2        1    5e-06     2.85        0
     880           :8@O_:78@O        1    5e-06     2.85        0
     881        :17@CG_:71@OH        1    5e-06     2.86 4.21e-08
     882       :35@CE_:76@NE2        1    5e-06     2.86        0
     883        :16@CG2_:71@O        1    5e-06     2.86 4.21e-08
     884        :24@CG_:71@OH        1    5e-06     2.87 4.21e-08
     885       :3@OD2_:76@CE1        1    5e-06     2.87        0
     886       :3@OD2_:80@CG1        1    5e-06     2.88        0
     887         :35@CD_:77@O        1    5e-06     2.88        0
     888          :15@N_:72@O        1    5e-06     2.88        0
     889        :24@CB_:71@OH        1    5e-06     2.88        0
     890         :47@O_:71@CB        1    5e-06     2.88 4.21e-08
     891      :13@CD1_:80@CG1        1    5e-06     2.88        0
     892         :13@OH_:77@O        1    5e-06     2.89        0
     893       :16@OG1_:71@CZ        1    5e-06     2.89 4.21e-08
     894          :1@O_:81@CE        1    5e-06     2.89        0
     895      :14@ND2_:76@CD2        1    5e-06     2.89 4.21e-08
     896           :6@O_:81@O        1    5e-06     2.89        0
     897          :10@C_:76@O        1    5e-06      2.9        0
     898         :15@O_:72@CA        1    5e-06      2.9        0
     899        :37@CG_:71@OH        1    5e-06      2.9 4.21e-08
     900       :49@NZ_:71@CD2        1    5e-06      2.9        0
     901      :50@OE1_:71@CE1        1    5e-06      2.9        0
     902       :9@CG2_:78@CE2        1    5e-06      2.9        0
     903      :31@CD1_:78@CE2        1    5e-06      2.9        0
     904         :2@N_:81@OXT        1    5e-06      2.9        0
     905        :36@N_:78@CE2        1    5e-06     2.91        0
     906       :17@OD1_:71@CZ        1    5e-06     2.91        0
     907      :13@CE2_:78@CE2        1    5e-06     2.91        0
     908        :49@CD_:71@OH        1    5e-06     2.91        0
     909        :13@CE1_:76@N        1    5e-06     2.91 4.21e-08
     910        :17@ND2_:71@N        1    5e-06     2.91 4.21e-08
     911         :12@N_:71@OH        1    5e-06     2.91        0
     912         :7@N_:79@OD1        1    5e-06     2.91        0
     913      :13@CE1_:78@CD1        1    5e-06     2.92        0
     914           :9@O_:78@C        1    5e-06     2.92        0
     915      :31@CD1_:78@CD1        1    5e-06     2.92        0
     916        :49@NZ_:75@SG        1    5e-06     2.92        0
     917        :1@NE2_:77@CE        1    5e-06     2.93        0
     918        :30@O_:78@CE1        1    5e-06     2.93 4.21e-08
     919         :20@N_:71@OH        1    5e-06     2.93        0
     920        :6@OD1_:81@CB        1    5e-06     2.93        0
     921       :10@OG1_:75@CA        1    5e-06     2.93        0
     922       :32@OG1_:81@CG        1    5e-06     2.93        0
     923       :14@ND2_:71@CG        1    5e-06     2.93        0
     924      :16@OG1_:71@CD2        1    5e-06     2.93        0
     925        :13@CE2_:79@O        1    5e-06     2.93        0
     926       :13@OH_:76@CE1        1    5e-06     2.93        0
     927      :51@CG2_:71@CE2        1    5e-06     2.93 4.21e-08
     928        :13@CD1_:75@O        1    5e-06     2.93        0
     929          :32@O_:81@N        1    5e-06     2.93        0
     930         :13@CZ_:72@O        1    5e-06     2.93        0
     931         :34@CB_:79@O        1    5e-06     2.93        0
     932       :35@NZ_:78@CE1        1    5e-06     2.93        0
     933          :15@O_:71@C        1    5e-06     2.94        0
     934          :15@O_:72@N        1    5e-06     2.94        0
     935        :17@OD1_:72@N        1    5e-06     2.94        0
     936         :11@O_:76@CG        1    5e-06     2.94        0
     937         :32@O_:78@CB        1    5e-06     2.94        0
     938        :51@CD1_:72@N        1    5e-06     2.94        0
     939        :50@N_:71@CE1        1    5e-06     2.94        0
     940        :6@CG_:79@OD2        1    5e-06     2.94        0
     941         :12@C_:75@SG        1    5e-06     2.94        0
     942           :8@C_:77@O        1    5e-06     2.94        0
     943       :50@OE1_:71@CA        1    5e-06     2.94        0
     944       :44@NZ_:71@CE2        1    5e-06     2.94        0
     945       :31@CG2_:78@CZ        1    5e-06     2.94        0
     946      :13@CE1_:76@CD2        1    5e-06     2.94        0
     947         :35@O_:78@CG        1    5e-06     2.94 4.21e-08
     948       :33@OG_:80@CG2        1    5e-06     2.95 4.21e-08
     949       :13@CD2_:76@CB        1    5e-06     2.95        0
     950         :14@CB_:72@O        1    5e-06     2.95        0
     951         :44@CD_:71@O        1    5e-06     2.95 4.21e-08
     952        :49@NZ_:71@CG        1    5e-06     2.95        0
     953       :13@OH_:78@CD1        1    5e-06     2.95        0
     954        :51@CG1_:71@O        1    5e-06     2.95        0
     955       :13@CE2_:71@CZ        1    5e-06     2.95        0
     956       :1@OE1_:80@CG2        1    5e-06     2.95        0
     957        :33@N_:78@CE1        1    5e-06     2.95        0
     958        :2@CB_:79@OD1        1    5e-06     2.95        0
     959          :6@O_:80@CA        1    5e-06     2.95        0
     960      :29@NH2_:78@CE1        1    5e-06     2.95        0
     961       :35@CE_:78@CD1        1    5e-06     2.95        0
     962        :12@C_:76@ND1        1    5e-06     2.95        0
     963       :13@CD1_:72@CA        1    5e-06     2.96 4.21e-08
     964         :13@O_:74@CG        1    5e-06     2.96        0
     965          :6@O_:81@CD        1    5e-06     2.96        0
     966       :50@OE2_:81@CE        1    5e-06     2.96        0
     967        :13@O_:78@CD1        1    5e-06     2.96        0
     968         :10@O_:75@SG        1    5e-06     2.96        0
     969        :13@CE1_:71@O        1    5e-06     2.96        0
     970       :36@SG_:76@NE2        1    5e-06     2.96 4.21e-08
     971         :49@CG_:71@O        1    5e-06     2.96        0
     972      :14@ND2_:71@CD1        1    5e-06     2.96        0
     973      :13@CE2_:76@ND1        1    5e-06     2.96        0
     974        :2@CD_:81@OXT        1    5e-06     2.96        0
     975         :48@O_:71@CB        1    5e-06     2.96        0
     976       :29@NH2_:81@NZ        1    5e-06     2.96        0
     977          :8@O_:77@CA        1    5e-06     2.96        0
     978       :30@CZ_:81@OXT        1    5e-06     2.96        0
     979       :14@OD1_:73@CA        1    5e-06     2.96        0
     980         :24@NE_:71@O        1    5e-06     2.97        0
     981         :35@CG_:80@O        1    5e-06     2.97        0
     982       :32@CB_:79@OD1        1    5e-06     2.97        0
     983       :16@CG2_:71@OH        1    5e-06     2.97        0
     984        :51@CG1_:73@O        1    5e-06     2.97        0
     985          :33@O_:80@O        1    5e-06     2.97        0
     986        :13@CD1_:72@O        1    5e-06     2.97        0
     987         :14@CA_:71@O        1    5e-06     2.97        0
     988       :13@CZ_:76@ND1        1    5e-06     2.97        0
     989      :13@CE2_:78@CD2        1    5e-06     2.97        0
     990      :31@CG2_:78@CD2        1    5e-06     2.97        0
     991         :8@N_:79@OD2        1    5e-06     2.97        0
     992        :32@CG2_:80@O        1    5e-06     2.97        0
     993        :11@O_:76@ND1        1    5e-06     2.97        0
     994        :33@OG_:81@NZ        1    5e-06     2.97        0
     995        :38@CE_:79@CG        1    5e-06     2.97        0
     996        :13@CE1_:72@N        1    5e-06     2.97        0
     997       :14@ND2_:76@CG        1    5e-06     2.97        0
     998       :14@OD1_:71@CB        1    5e-06     2.97        0
     999       :33@CB_:78@CD2        1    5e-06     2.97        0
    1000       :31@CG2_:78@CG        1    5e-06     2.97        0
    1001        :35@CE_:78@CG        1    5e-06     2.97        0
    1002           :3@O_:81@N        1    5e-06     2.97        0
    1003        :18@O_:71@CE1        1    5e-06     2.97        0
    1004        :1@NE2_:81@CE        1    5e-06     2.97        0
    1005       :46@CD1_:71@OH        1    5e-06     2.97 4.21e-08
    1006          :1@N_:79@CG        1    5e-06     2.98        0
    1007       :18@CD_:71@CE1        1    5e-06     2.98        0
    1008      :31@CG2_:78@CE2        1    5e-06     2.98        0
    1009      :31@CG2_:78@CD1        1    5e-06     2.98        0
    1010        :34@OG_:81@CG        1    5e-06     2.98        0
    1011           :4@N_:80@O        1    5e-06     2.98 4.21e-08
    1012       :6@OD1_:80@CG1        1    5e-06     2.98        0
    1013      :14@ND2_:71@CD2        1    5e-06     2.98        0
    1014      :13@CD2_:71@CE1        1    5e-06     2.98 4.21e-08
    1015         :51@CB_:73@O        1    5e-06     2.98 4.21e-08
    1016         :18@CZ_:71@O        1    5e-06     2.98        0
    1017        :29@O_:80@CG2        1    5e-06     2.98 4.21e-08
    1018       :15@CD2_:71@OH        1    5e-06     2.98        0
    1019      :14@OD1_:78@CE1        1    5e-06     2.98        0
    1020       :13@CZ_:78@CE2        1    5e-06     2.98        0
    1021       :49@CG_:71@CE2        1    5e-06     2.98        0
    1022        :13@CD2_:72@O        1    5e-06     2.98 4.21e-08
    1023       :13@CG_:78@CD1        1    5e-06     2.98        0
    1024       :36@SG_:78@CE2        1    5e-06     2.98        0
    1025        :37@CD_:76@CG        1    5e-06     2.98        0
    1026       :13@CB_:78@CD1        1    5e-06     2.98        0
    1027      :13@CE2_:76@CE1        1    5e-06     2.98        0
    1028          :8@CB_:79@N        1    5e-06     2.98        0
    1029          :3@O_:81@CG        1    5e-06     2.98        0
    1030        :27@OG_:81@CE        1    5e-06     2.98        0
    1031        :33@N_:78@CE2        1    5e-06     2.98        0
    1032          :7@O_:81@CD        1    5e-06     2.98        0
    1033        :13@OH_:76@CG        1    5e-06     2.98        0
    1034       :49@CE_:71@CD2        1    5e-06     2.98        0
    1035          :7@O_:79@CG        1    5e-06     2.98        0
    1036         :35@CD_:81@C        1    5e-06     2.98        0
    1037         :11@CB_:77@C        1    5e-06     2.98        0
    1038          :7@O_:79@CA        1    5e-06     2.98        0
    1039       :32@OG1_:81@CD        1    5e-06     2.98        0
    1040         :13@CZ_:79@O        1    5e-06     2.99        0
    1041          :1@CD_:81@O        1    5e-06     2.99        0
    1042         :47@O_:71@CZ        1    5e-06     2.99        0
    1043        :13@OH_:71@CB        1    5e-06     2.99        0
    1044        :50@N_:71@CE2        1    5e-06     2.99        0
    1045       :31@CD1_:78@CG        1    5e-06     2.99        0
    1046       :14@OD1_:74@CB        1    5e-06     2.99 4.21e-08
    1047       :18@NE_:71@CE1        1    5e-06     2.99        0
    1048        :18@NE_:71@CZ        1    5e-06     2.99        0
    1049       :14@ND2_:72@CA        1    5e-06     2.99 4.21e-08
    1050       :13@CE2_:71@OH        1    5e-06     2.99        0
    1051        :13@CE2_:76@N        1    5e-06     2.99        0
    1052        :19@O_:71@CE2        1    5e-06     2.99        0
    1053        :44@CE_:71@OH        1    5e-06     2.99        0
    1054        :38@O_:78@CE1        1    5e-06     2.99        0
    1055       :9@CG2_:80@CG1        1    5e-06     2.99        0
    1056        :50@O_:71@CE1        1    5e-06     2.99        0
    1057       :30@CG_:81@OXT        1    5e-06     2.99        0
    1058         :30@CG_:81@O        1    5e-06     2.99        0
    1059      :32@CG2_:79@OD2        1    5e-06     2.99        0
    1060          :6@CB_:81@O        1    5e-06     2.99        0
    1061         :9@O_:78@CD2        1    5e-06     2.99        0
    1062        :38@O_:78@CE2        1    5e-06     2.99        0
    1063       :50@OE1_:74@CD        1    5e-06     2.99        0
    1064        :47@CG2_:71@O        1    5e-06     2.99 4.21e-08
    1065        :17@ND2_:71@O        1    5e-06     2.99        0
    1066          :33@C_:80@O        1    5e-06     2.99        0
    1067       :13@CD2_:78@CG        1    5e-06     2.99 4.21e-08
    1068       :10@OG1_:74@CD        1    5e-06     2.99        0
    1069        :15@CD1_:71@O        1    5e-06     2.99        0
    1070         :3@OD1_:80@O        1    5e-06     2.99        0
    1071        :17@OD1_:71@O        1    5e-06     2.99        0
    1072         :48@C_:71@OH        1    5e-06     2.99        0
    1073       :35@NZ_:78@CD1        1    5e-06     2.99        0
    1074          :13@C_:73@O        1    5e-06     2.99        0
    1075      :13@CD2_:76@ND1        1    5e-06     2.99 4.21e-08
    1076         :13@OH_:73@C        1    5e-06     2.99 4.21e-08
    1077          :6@O_:80@CB        1    5e-06     2.99        0
    1078        :6@ND2_:79@CB        1    5e-06     2.99        0
    1079        :6@ND2_:81@CD        1    5e-06     2.99        0
    1080        :24@NE_:71@CZ        1    5e-06     2.99        0
    1081       :11@SG_:76@ND1        1    5e-06        3        0
    1082        :32@O_:78@CE1        1    5e-06        3        0
    1083        :35@O_:80@CG2        1    5e-06        3        0
    1084       :33@OG_:78@CE2        1    5e-06        3 4.21e-08
    1085        :13@CE1_:79@O        1    5e-06        3        0
    1086        :1@CD_:81@OXT        1    5e-06        3        0
    1087       :20@CD1_:71@OH        1    5e-06        3        0
    1088        :31@CG2_:79@O        1    5e-06        3        0
    1089         :30@CB_:81@O        1    5e-06        3        0
    1090          :8@CD_:77@O        1    5e-06        3        0
    1091       :17@ND2_:71@CZ        1    5e-06        3 4.21e-08
    1092       :16@OG1_:71@CA        1    5e-06        3        0
    1093       :24@CZ_:71@CE1        1    5e-06        3        0
    1094        :8@CA_:79@OD2        1    5e-06        3        0
    1095        :14@ND2_:74@N        1    5e-06        3        0
    1096       :17@ND2_:71@CG        1    5e-06        3        0
    1097        :8@CB_:79@OD2        1    5e-06        3 4.21e-08
    1098       :18@NH2_:71@CG        1    5e-06        3        0
    1099        :49@CE_:71@CG        1    5e-06        3        0
    1100         :15@C_:73@CB        1    5e-06        3        0
    1101       :11@CB_:76@ND1        1    5e-06        3        0
    1102         :52@N_:73@CB        1    5e-06        3        0
    1103       :51@CD1_:73@CB        1    5e-06        3        0
